1 2
1 3
1 4
1 7
1 9
1 11
1 12
1 13
1 15
1 17
1 18
1 19
1 20
1 24
1 26
1 27
1 28
1 29
2 3
2 4
2 5
2 6
2 7
2 8
2 9
2 10
2 14
2 15
2 16
2 18
2 19
2 21
2 24
2 25
2 27
2 29
2 30
3 6
3 10
3 14
3 18
3 19
3 21
3 22
3 24
3 25
3 26
3 28
3 29
4 5
4 6
4 9
4 11
4 12
4 17
4 19
4 21
4 22
4 26
4 27
4 28
4 29
4 30
5 7
5 8
5 9
5 11
5 14
5 17
5 18
5 21
5 22
5 27
5 28
5 30
6 7
6 8
6 11
6 13
6 14
6 16
6 17
6 18
6 21
6 22
6 23
6 27
6 30
7 9
7 10
7 11
7 15
7 16
7 18
7 21
7 22
7 23
7 24
7 26
7 27
7 28
7 29
8 10
8 14
8 15
8 16
8 19
8 20
8 23
8 25
8 30
9 10
9 12
9 13
9 14
9 21
9 22
9 26
9 27
9 29
10 11
10 14
10 15
10 17
10 20
10 22
10 30
11 13
11 14
11 16
11 18
11 20
11 22
11 29
11 30
12 14
12 15
12 16
12 17
12 19
12 23
12 24
12 25
12 29
13 14
13 16
13 17
13 21
13 22
13 26
13 28
14 17
14 18
14 19
14 20
14 26
14 29
14 30
15 16
15 18
15 20
15 21
15 23
15 27
15 28
15 30
16 19
16 25
16 27
16 28
16 29
16 30
17 18
17 19
17 20
17 25
17 27
17 28
17 29
17 30
18 20
18 21
18 22
18 23
18 24
18 25
18 26
18 28
19 20
19 21
19 23
19 24
19 25
19 26
19 27
20 21
20 22
20 24
20 25
20 27
20 28
20 30
21 23
21 25
22 23
22 26
22 29
23 24
23 28
23 30
24 25
24 26
24 28
24 29
24 30
25 26
25 29
25 30
26 27
26 29
27 29
27 30
28 30
