1 2
1 3
1 4
1 5
1 6
1 7
1 8
1 11
1 12
1 13
1 16
1 17
1 19
1 21
1 26
1 30
1 31
1 33
1 34
1 36
1 38
1 39
1 44
1 45
1 47
1 48
1 53
1 54
1 56
1 57
1 59
1 61
1 62
1 65
1 66
1 68
1 70
1 71
1 72
1 76
1 82
1 83
1 86
1 87
1 89
1 90
1 91
1 92
1 93
1 95
1 97
1 99
2 4
2 7
2 11
2 13
2 16
2 20
2 21
2 28
2 29
2 31
2 32
2 34
2 35
2 38
2 40
2 42
2 43
2 45
2 46
2 47
2 49
2 51
2 54
2 56
2 57
2 60
2 63
2 64
2 65
2 67
2 69
2 70
2 71
2 72
2 77
2 79
2 82
2 87
2 88
2 89
2 91
2 92
2 95
2 97
2 99
3 4
3 6
3 7
3 9
3 10
3 11
3 13
3 20
3 23
3 24
3 25
3 26
3 28
3 31
3 32
3 35
3 37
3 42
3 45
3 47
3 49
3 51
3 53
3 57
3 58
3 60
3 61
3 65
3 68
3 69
3 70
3 71
3 74
3 85
3 86
3 87
3 88
3 90
3 91
3 92
3 95
3 97
3 100
4 5
4 6
4 7
4 8
4 11
4 14
4 15
4 18
4 24
4 26
4 27
4 29
4 30
4 31
4 32
4 38
4 39
4 41
4 43
4 44
4 46
4 47
4 48
4 49
4 50
4 52
4 54
4 55
4 56
4 58
4 59
4 64
4 68
4 72
4 73
4 74
4 75
4 77
4 78
4 79
4 80
4 84
4 85
4 86
4 87
4 88
4 89
4 90
4 91
4 93
4 94
4 95
4 96
4 97
4 100
5 6
5 7
5 8
5 10
5 11
5 12
5 15
5 18
5 22
5 24
5 26
5 30
5 32
5 33
5 34
5 35
5 36
5 38
5 39
5 45
5 46
5 49
5 50
5 51
5 52
5 54
5 57
5 58
5 60
5 61
5 65
5 68
5 71
5 72
5 76
5 77
5 78
5 80
5 81
5 82
5 83
5 84
5 87
5 88
5 90
5 91
5 93
5 94
5 98
5 100
6 7
6 14
6 18
6 19
6 20
6 21
6 22
6 24
6 25
6 26
6 32
6 34
6 36
6 37
6 38
6 41
6 42
6 43
6 45
6 48
6 50
6 51
6 52
6 53
6 55
6 56
6 60
6 62
6 65
6 66
6 69
6 71
6 72
6 77
6 79
6 81
6 82
6 84
6 85
6 86
6 91
6 92
6 93
6 94
6 95
6 97
6 98
6 100
7 8
7 10
7 11
7 13
7 19
7 21
7 24
7 25
7 26
7 27
7 28
7 34
7 35
7 37
7 38
7 39
7 42
7 43
7 45
7 49
7 51
7 54
7 56
7 57
7 59
7 61
7 63
7 64
7 66
7 67
7 70
7 73
7 76
7 78
7 79
7 80
7 81
7 82
7 83
7 84
7 86
7 87
7 90
7 92
7 95
7 97
7 98
7 99
7 100
8 9
8 10
8 11
8 12
8 13
8 16
8 18
8 19
8 20
8 21
8 22
8 24
8 26
8 28
8 30
8 31
8 34
8 37
8 38
8 39
8 40
8 42
8 44
8 45
8 47
8 49
8 52
8 56
8 57
8 58
8 59
8 61
8 62
8 64
8 66
8 69
8 71
8 72
8 74
8 78
8 79
8 80
8 81
8 83
8 85
8 88
8 90
8 97
8 100
9 12
9 17
9 18
9 19
9 20
9 21
9 28
9 29
9 30
9 31
9 32
9 35
9 36
9 37
9 38
9 39
9 44
9 45
9 47
9 48
9 51
9 52
9 53
9 56
9 57
9 59
9 60
9 61
9 62
9 63
9 64
9 66
9 67
9 68
9 69
9 73
9 74
9 79
9 80
9 81
9 82
9 83
9 84
9 87
9 89
9 91
9 92
9 95
9 96
9 100
10 12
10 13
10 17
10 18
10 19
10 24
10 25
10 29
10 31
10 32
10 33
10 34
10 37
10 38
10 40
10 41
10 43
10 44
10 45
10 47
10 48
10 50
10 51
10 52
10 54
10 55
10 60
10 62
10 63
10 65
10 67
10 68
10 69
10 73
10 75
10 76
10 79
10 81
10 82
10 83
10 86
10 90
10 91
10 93
10 96
10 97
10 98
10 99
11 14
11 15
11 18
11 20
11 21
11 22
11 23
11 26
11 27
11 29
11 30
11 31
11 35
11 39
11 40
11 41
11 42
11 44
11 47
11 49
11 50
11 54
11 57
11 60
11 62
11 63
11 64
11 68
11 74
11 75
11 76
11 78
11 79
11 80
11 81
11 82
11 83
11 84
11 85
11 86
11 87
11 96
11 97
11 98
11 99
12 14
12 17
12 18
12 20
12 21
12 22
12 23
12 24
12 25
12 27
12 28
12 30
12 32
12 34
12 35
12 36
12 38
12 42
12 43
12 44
12 51
12 53
12 56
12 57
12 59
12 61
12 63
12 64
12 65
12 66
12 67
12 69
12 70
12 74
12 75
12 77
12 83
12 84
12 85
12 86
12 87
12 88
12 89
12 91
12 92
12 93
12 96
12 97
12 99
13 14
13 15
13 16
13 18
13 19
13 20
13 21
13 24
13 25
13 26
13 29
13 30
13 34
13 38
13 39
13 40
13 43
13 44
13 45
13 47
13 48
13 49
13 51
13 53
13 57
13 59
13 60
13 65
13 66
13 67
13 69
13 71
13 73
13 76
13 79
13 90
13 91
13 94
13 96
13 98
14 15
14 16
14 17
14 21
14 22
14 25
14 27
14 28
14 30
14 33
14 34
14 35
14 38
14 40
14 43
14 46
14 49
14 50
14 52
14 53
14 54
14 56
14 58
14 59
14 60
14 61
14 62
14 63
14 65
14 67
14 70
14 72
14 73
14 76
14 78
14 79
14 82
14 84
14 85
14 86
14 87
14 88
14 90
14 91
14 92
14 93
14 95
14 97
14 98
15 18
15 19
15 20
15 22
15 24
15 25
15 27
15 28
15 30
15 33
15 34
15 36
15 37
15 38
15 39
15 40
15 43
15 45
15 47
15 48
15 49
15 52
15 53
15 60
15 64
15 66
15 68
15 74
15 75
15 76
15 78
15 81
15 83
15 84
15 86
15 88
15 90
15 95
15 96
16 19
16 20
16 22
16 25
16 26
16 28
16 29
16 35
16 36
16 37
16 38
16 39
16 42
16 46
16 47
16 59
16 60
16 61
16 63
16 64
16 65
16 66
16 67
16 70
16 71
16 72
16 74
16 76
16 77
16 83
16 85
16 86
16 90
16 92
16 93
16 94
16 97
16 99
16 100
17 19
17 20
17 21
17 25
17 27
17 29
17 31
17 35
17 36
17 38
17 40
17 43
17 44
17 46
17 49
17 52
17 53
17 54
17 56
17 58
17 61
17 62
17 63
17 65
17 66
17 68
17 69
17 71
17 73
17 75
17 78
17 81
17 83
17 86
17 92
17 93
17 98
17 100
18 19
18 20
18 22
18 23
18 24
18 25
18 26
18 27
18 28
18 29
18 34
18 39
18 40
18 42
18 44
18 49
18 52
18 55
18 58
18 59
18 63
18 69
18 70
18 71
18 72
18 75
18 78
18 84
18 86
18 87
18 88
18 89
18 90
18 91
18 92
18 93
18 96
18 97
18 99
18 100
19 29
19 30
19 34
19 35
19 36
19 37
19 38
19 39
19 41
19 45
19 46
19 48
19 50
19 58
19 60
19 61
19 65
19 66
19 67
19 71
19 74
19 75
19 77
19 81
19 83
19 84
19 86
19 87
19 88
19 90
19 92
19 93
19 95
19 96
19 99
19 100
20 21
20 22
20 24
20 26
20 27
20 29
20 31
20 38
20 39
20 42
20 43
20 44
20 45
20 47
20 49
20 52
20 58
20 59
20 60
20 61
20 62
20 63
20 69
20 71
20 72
20 73
20 76
20 77
20 78
20 81
20 83
20 85
20 89
20 90
20 91
20 94
20 95
20 96
20 97
20 99
21 23
21 28
21 29
21 30
21 32
21 34
21 35
21 38
21 42
21 44
21 45
21 46
21 47
21 49
21 50
21 53
21 54
21 55
21 58
21 59
21 60
21 64
21 65
21 68
21 69
21 70
21 73
21 76
21 77
21 78
21 82
21 84
21 86
21 88
21 89
21 91
21 93
21 94
21 96
21 97
21 99
21 100
22 25
22 27
22 35
22 36
22 37
22 38
22 40
22 41
22 42
22 45
22 47
22 50
22 53
22 59
22 60
22 63
22 65
22 68
22 69
22 70
22 71
22 72
22 75
22 76
22 77
22 78
22 79
22 80
22 84
22 85
22 91
22 92
22 94
22 95
22 98
22 99
23 24
23 26
23 27
23 28
23 29
23 34
23 35
23 36
23 37
23 38
23 39
23 41
23 43
23 46
23 47
23 51
23 52
23 53
23 54
23 56
23 57
23 59
23 60
23 64
23 65
23 66
23 69
23 70
23 71
23 73
23 74
23 75
23 76
23 78
23 79
23 81
23 82
23 83
23 84
23 85
23 90
23 91
23 93
23 94
23 95
23 97
23 98
23 99
23 100
24 26
24 27
24 29
24 32
24 34
24 40
24 43
24 44
24 49
24 50
24 51
24 54
24 55
24 57
24 58
24 60
24 61
24 62
24 64
24 69
24 70
24 71
24 74
24 75
24 79
24 80
24 83
24 88
24 89
24 90
24 91
24 93
24 94
24 97
24 98
25 26
25 27
25 28
25 29
25 31
25 33
25 36
25 38
25 39
25 41
25 43
25 45
25 47
25 53
25 56
25 57
25 58
25 59
25 60
25 64
25 67
25 70
25 71
25 73
25 74
25 76
25 78
25 80
25 84
25 85
25 86
25 87
25 88
25 91
25 94
25 98
25 99
25 100
26 27
26 31
26 32
26 34
26 35
26 38
26 43
26 44
26 45
26 48
26 49
26 52
26 54
26 55
26 57
26 58
26 59
26 60
26 67
26 68
26 72
26 73
26 74
26 76
26 77
26 79
26 80
26 81
26 84
26 93
26 96
26 99
27 29
27 30
27 32
27 33
27 34
27 35
27 36
27 37
27 39
27 40
27 41
27 42
27 45
27 46
27 47
27 48
27 53
27 55
27 56
27 58
27 60
27 63
27 64
27 65
27 70
27 71
27 72
27 74
27 76
27 77
27 79
27 81
27 83
27 85
27 86
27 87
27 88
27 89
27 90
27 92
27 93
27 95
27 99
28 29
28 31
28 32
28 33
28 40
28 44
28 48
28 49
28 51
28 54
28 56
28 59
28 62
28 65
28 66
28 72
28 73
28 74
28 75
28 76
28 78
28 82
28 83
28 87
28 90
28 93
28 99
29 30
29 31
29 33
29 35
29 39
29 42
29 44
29 45
29 58
29 59
29 60
29 61
29 68
29 71
29 74
29 77
29 78
29 79
29 81
29 86
29 88
29 92
29 93
29 95
29 96
29 97
29 98
30 31
30 33
30 34
30 35
30 36
30 37
30 39
30 44
30 46
30 47
30 48
30 50
30 55
30 56
30 61
30 63
30 64
30 65
30 69
30 70
30 75
30 79
30 83
30 87
30 88
30 89
30 91
30 92
30 94
30 97
30 98
30 100
31 32
31 33
31 35
31 36
31 37
31 40
31 41
31 42
31 43
31 44
31 47
31 55
31 56
31 58
31 59
31 60
31 61
31 64
31 69
31 70
31 71
31 72
31 77
31 79
31 80
31 83
31 84
31 87
31 90
31 91
31 93
31 94
31 95
31 97
31 99
32 36
32 37
32 38
32 43
32 44
32 45
32 47
32 50
32 51
32 53
32 54
32 58
32 59
32 60
32 61
32 62
32 63
32 66
32 69
32 70
32 71
32 72
32 73
32 75
32 76
32 85
32 87
32 88
32 90
32 92
32 93
32 95
32 96
32 97
33 35
33 38
33 39
33 40
33 41
33 43
33 45
33 47
33 48
33 50
33 51
33 52
33 53
33 54
33 55
33 56
33 58
33 59
33 60
33 62
33 64
33 65
33 69
33 72
33 73
33 74
33 78
33 79
33 81
33 84
33 85
33 88
33 90
33 91
33 92
33 93
33 95
33 96
33 97
33 98
33 100
34 35
34 37
34 39
34 40
34 41
34 42
34 44
34 46
34 49
34 50
34 54
34 57
34 60
34 61
34 64
34 65
34 66
34 69
34 70
34 71
34 72
34 74
34 75
34 76
34 77
34 79
34 80
34 81
34 83
34 84
34 86
34 87
34 88
34 89
34 94
34 96
34 98
34 99
34 100
35 37
35 41
35 44
35 45
35 47
35 48
35 50
35 51
35 52
35 53
35 55
35 60
35 61
35 64
35 66
35 69
35 70
35 74
35 79
35 85
35 86
35 87
35 88
35 89
35 97
35 98
35 99
36 37
36 38
36 41
36 42
36 43
36 44
36 45
36 46
36 47
36 50
36 51
36 52
36 53
36 59
36 61
36 62
36 66
36 70
36 72
36 74
36 75
36 76
36 78
36 79
36 81
36 82
36 83
36 84
36 85
36 89
36 94
36 96
36 97
36 100
37 39
37 42
37 44
37 45
37 47
37 48
37 49
37 50
37 53
37 54
37 57
37 61
37 63
37 64
37 66
37 69
37 71
37 72
37 78
37 79
37 80
37 81
37 83
37 84
37 85
37 86
37 87
37 89
37 90
37 98
38 39
38 40
38 41
38 42
38 44
38 46
38 54
38 55
38 57
38 58
38 59
38 61
38 62
38 65
38 66
38 68
38 70
38 72
38 73
38 75
38 76
38 77
38 78
38 79
38 80
38 82
38 86
38 87
38 92
38 95
38 98
38 99
39 40
39 43
39 45
39 49
39 50
39 51
39 52
39 53
39 54
39 55
39 58
39 60
39 62
39 63
39 66
39 67
39 68
39 69
39 71
39 73
39 76
39 78
39 81
39 84
39 89
39 90
39 94
39 98
39 99
40 41
40 49
40 51
40 52
40 54
40 56
40 61
40 65
40 70
40 76
40 77
40 83
40 84
40 85
40 89
40 92
40 93
40 95
40 96
40 97
40 98
40 99
41 47
41 48
41 51
41 52
41 53
41 56
41 58
41 59
41 61
41 62
41 64
41 67
41 71
41 74
41 76
41 77
41 79
41 80
41 82
41 84
41 85
41 86
41 88
41 89
41 90
41 91
41 92
41 94
41 95
41 96
41 97
41 98
41 99
41 100
42 43
42 44
42 45
42 46
42 48
42 49
42 50
42 51
42 52
42 54
42 56
42 62
42 63
42 64
42 65
42 66
42 68
42 77
42 78
42 79
42 83
42 86
42 87
42 88
42 89
42 90
42 93
42 97
42 99
42 100
43 44
43 45
43 48
43 51
43 55
43 56
43 57
43 60
43 62
43 65
43 71
43 72
43 73
43 74
43 77
43 79
43 80
43 81
43 82
43 83
43 86
43 88
43 89
43 91
43 92
43 95
43 97
43 99
44 45
44 48
44 50
44 51
44 54
44 55
44 56
44 60
44 62
44 63
44 64
44 67
44 68
44 69
44 72
44 73
44 74
44 76
44 80
44 83
44 86
44 87
44 89
44 91
44 93
44 95
44 96
44 97
44 98
44 99
45 46
45 47
45 48
45 49
45 51
45 52
45 53
45 54
45 56
45 57
45 58
45 59
45 60
45 63
45 67
45 73
45 74
45 75
45 76
45 77
45 79
45 80
45 81
45 82
45 83
45 84
45 85
45 86
45 88
45 90
45 91
45 92
45 94
45 96
46 47
46 48
46 49
46 50
46 52
46 53
46 54
46 57
46 59
46 60
46 62
46 63
46 65
46 67
46 70
46 71
46 72
46 73
46 74
46 78
46 79
46 80
46 81
46 82
46 84
46 87
46 90
46 91
46 93
46 94
46 95
46 96
46 97
46 99
47 48
47 50
47 53
47 54
47 55
47 59
47 63
47 64
47 65
47 66
47 67
47 69
47 71
47 73
47 74
47 77
47 80
47 81
47 83
47 84
47 87
47 89
47 90
47 92
47 94
47 95
47 96
47 97
47 100
48 49
48 52
48 54
48 58
48 59
48 66
48 71
48 72
48 74
48 75
48 77
48 82
48 83
48 85
48 86
48 89
48 91
48 92
48 93
48 94
48 95
48 96
48 99
48 100
49 51
49 55
49 56
49 57
49 60
49 61
49 63
49 65
49 68
49 69
49 72
49 73
49 74
49 75
49 76
49 77
49 78
49 83
49 86
49 87
49 88
49 91
49 94
49 97
49 99
49 100
50 52
50 54
50 55
50 57
50 60
50 63
50 64
50 65
50 68
50 69
50 72
50 74
50 75
50 76
50 80
50 83
50 85
50 89
50 93
50 97
50 99
50 100
51 54
51 56
51 59
51 60
51 61
51 63
51 64
51 66
51 68
51 71
51 72
51 73
51 78
51 80
51 82
51 84
51 85
51 90
51 91
51 92
51 93
51 97
51 98
51 99
51 100
52 53
52 55
52 57
52 58
52 62
52 64
52 67
52 68
52 70
52 73
52 75
52 80
52 82
52 83
52 84
52 85
52 86
52 89
52 91
52 93
52 94
52 97
52 99
53 54
53 55
53 57
53 60
53 62
53 64
53 66
53 67
53 69
53 70
53 71
53 73
53 79
53 80
53 82
53 85
53 87
53 88
53 90
53 92
53 99
53 100
54 55
54 60
54 63
54 64
54 66
54 67
54 68
54 69
54 70
54 71
54 78
54 80
54 81
54 83
54 85
54 86
54 88
54 89
54 90
54 91
54 94
54 95
54 99
55 56
55 57
55 58
55 59
55 62
55 63
55 70
55 71
55 72
55 74
55 77
55 79
55 80
55 81
55 83
55 85
55 86
55 87
55 89
55 91
55 93
55 95
55 97
56 57
56 58
56 61
56 62
56 63
56 65
56 66
56 67
56 68
56 77
56 80
56 81
56 85
56 86
56 88
56 92
56 95
56 97
56 98
56 99
57 58
57 61
57 62
57 66
57 68
57 69
57 70
57 71
57 73
57 74
57 76
57 77
57 79
57 82
57 84
57 85
57 86
57 90
57 95
57 96
58 60
58 64
58 65
58 69
58 70
58 74
58 75
58 77
58 78
58 84
58 88
58 89
58 90
58 91
58 94
59 60
59 61
59 64
59 66
59 68
59 70
59 71
59 72
59 73
59 78
59 79
59 82
59 88
59 93
59 94
59 95
59 96
59 97
59 99
59 100
60 67
60 69
60 70
60 73
60 74
60 75
60 80
60 85
60 86
60 89
60 91
60 93
60 94
60 98
60 99
60 100
61 62
61 63
61 65
61 66
61 67
61 68
61 69
61 70
61 71
61 72
61 73
61 74
61 75
61 76
61 78
61 80
61 81
61 82
61 83
61 84
61 85
61 88
61 89
61 90
61 92
61 94
61 95
61 97
61 98
62 63
62 64
62 66
62 68
62 70
62 72
62 74
62 76
62 77
62 78
62 79
62 82
62 83
62 84
62 85
62 88
62 93
62 96
62 97
63 64
63 65
63 66
63 67
63 68
63 69
63 70
63 71
63 72
63 73
63 77
63 79
63 80
63 81
63 82
63 83
63 85
63 87
63 88
63 92
63 93
63 96
63 98
63 99
63 100
64 66
64 68
64 71
64 73
64 74
64 75
64 76
64 78
64 82
64 86
64 87
64 89
64 90
64 94
64 95
64 96
65 66
65 67
65 68
65 70
65 77
65 79
65 81
65 83
65 91
65 92
65 93
65 94
65 95
65 96
65 98
65 99
66 68
66 70
66 72
66 74
66 75
66 76
66 77
66 79
66 81
66 84
66 85
66 86
66 87
66 88
66 89
66 91
66 93
66 94
66 96
66 99
67 69
67 73
67 74
67 85
67 86
67 87
67 89
67 90
67 91
67 94
67 96
67 98
67 99
68 69
68 75
68 76
68 80
68 82
68 85
68 87
68 91
68 92
68 94
68 96
68 97
68 99
69 70
69 78
69 81
69 83
69 86
69 87
69 90
69 91
69 97
69 100
70 74
70 76
70 77
70 78
70 80
70 81
70 82
70 83
70 84
70 86
70 91
70 95
70 99
71 72
71 73
71 74
71 80
71 81
71 82
71 84
71 87
71 88
71 89
71 91
71 92
71 94
71 95
71 96
71 98
71 99
71 100
72 74
72 76
72 78
72 80
72 83
72 85
72 89
72 90
72 91
72 93
72 94
72 95
72 96
72 97
73 74
73 76
73 77
73 79
73 83
73 84
73 86
73 90
73 99
74 76
74 77
74 79
74 81
74 82
74 83
74 85
74 86
74 94
74 95
74 97
74 98
74 99
75 76
75 78
75 79
75 80
75 81
75 82
75 86
75 89
75 90
75 91
75 92
75 93
75 96
75 100
76 77
76 80
76 86
76 88
76 89
76 93
76 94
76 99
76 100
77 78
77 79
77 81
77 84
77 85
77 86
77 88
77 90
77 92
77 93
77 94
77 98
77 99
77 100
78 80
78 81
78 82
78 83
78 88
78 89
78 94
78 95
78 96
78 97
78 98
78 100
79 81
79 82
79 88
79 89
79 90
79 91
79 92
79 94
79 95
79 96
79 100
80 81
80 82
80 84
80 85
80 87
80 88
80 90
80 91
80 94
80 95
80 96
80 97
80 99
80 100
81 85
81 88
81 90
81 91
81 93
81 96
82 90
82 91
82 93
82 94
82 95
82 98
82 100
83 84
83 85
83 86
83 87
83 89
83 90
83 91
83 94
83 98
84 85
84 86
84 87
84 89
84 91
84 92
84 93
84 94
84 95
84 96
84 98
85 86
85 88
85 89
85 91
85 92
85 93
85 94
85 95
86 88
86 89
86 90
86 91
86 92
86 98
87 89
87 90
87 91
87 92
87 94
87 95
87 96
87 97
87 99
87 100
88 92
88 97
88 99
89 91
89 92
89 94
89 95
89 98
90 91
90 92
90 94
90 98
91 92
91 93
91 94
91 96
91 97
91 99
92 93
92 94
92 95
92 96
92 98
92 99
93 94
93 96
93 97
93 99
94 95
94 96
94 97
94 99
94 100
95 97
95 99
96 97
96 98
96 99
96 100
97 98
97 99
97 100
98 99
