1 2
1 7
1 11
1 13
1 14
1 15
1 16
1 17
1 20
1 22
1 23
1 24
1 25
1 26
1 27
1 29
1 30
1 40
1 47
1 48
1 60
1 61
1 62
1 66
1 67
1 69
1 70
1 73
1 75
1 76
1 77
1 78
1 79
1 80
1 82
1 83
1 86
1 87
1 90
1 91
1 92
1 93
1 94
1 96
1 97
1 98
1 100
1 104
1 105
1 106
1 107
1 108
1 110
1 114
1 115
1 118
1 119
1 120
2 4
2 8
2 9
2 10
2 11
2 12
2 13
2 14
2 18
2 19
2 20
2 21
2 24
2 27
2 28
2 29
2 32
2 33
2 35
2 36
2 37
2 41
2 42
2 46
2 49
2 51
2 52
2 56
2 57
2 58
2 60
2 62
2 63
2 66
2 70
2 71
2 73
2 75
2 79
2 82
2 83
2 85
2 88
2 92
2 93
2 95
2 96
2 98
2 99
2 100
2 101
2 102
2 103
2 104
2 105
2 108
2 112
2 116
2 117
2 118
2 119
3 4
3 7
3 9
3 11
3 12
3 17
3 18
3 19
3 22
3 24
3 27
3 29
3 30
3 34
3 36
3 40
3 43
3 47
3 48
3 50
3 51
3 52
3 54
3 58
3 61
3 63
3 67
3 68
3 69
3 71
3 73
3 74
3 75
3 76
3 78
3 79
3 81
3 82
3 86
3 91
3 93
3 94
3 96
3 97
3 101
3 105
3 108
3 110
3 111
3 112
3 114
3 116
4 5
4 6
4 9
4 12
4 16
4 17
4 20
4 21
4 22
4 25
4 27
4 30
4 31
4 32
4 33
4 37
4 39
4 40
4 44
4 46
4 47
4 48
4 50
4 51
4 55
4 57
4 60
4 64
4 66
4 69
4 71
4 73
4 74
4 76
4 79
4 84
4 89
4 92
4 93
4 95
4 98
4 99
4 100
4 101
4 105
4 106
4 107
4 108
4 109
4 113
4 114
4 120
5 6
5 8
5 9
5 11
5 12
5 13
5 15
5 16
5 18
5 19
5 20
5 21
5 22
5 23
5 25
5 27
5 28
5 29
5 33
5 38
5 40
5 42
5 43
5 44
5 49
5 50
5 52
5 53
5 58
5 59
5 60
5 61
5 62
5 64
5 66
5 67
5 68
5 69
5 70
5 71
5 73
5 76
5 77
5 79
5 80
5 81
5 83
5 84
5 86
5 87
5 88
5 89
5 93
5 95
5 96
5 97
5 98
5 99
5 100
5 104
5 105
5 106
5 107
5 108
5 109
5 110
5 112
5 113
5 115
5 117
5 118
6 7
6 8
6 9
6 16
6 17
6 18
6 20
6 25
6 28
6 31
6 33
6 34
6 35
6 36
6 37
6 38
6 39
6 40
6 42
6 44
6 48
6 52
6 53
6 55
6 56
6 57
6 58
6 60
6 61
6 62
6 63
6 64
6 66
6 68
6 69
6 76
6 79
6 84
6 86
6 87
6 89
6 90
6 91
6 95
6 97
6 98
6 99
6 100
6 101
6 102
6 105
6 107
6 108
6 110
6 111
6 112
6 115
6 116
6 119
7 9
7 11
7 12
7 20
7 21
7 22
7 24
7 27
7 28
7 29
7 32
7 33
7 35
7 37
7 38
7 41
7 44
7 45
7 51
7 53
7 54
7 57
7 59
7 61
7 64
7 67
7 68
7 69
7 71
7 73
7 75
7 77
7 78
7 79
7 82
7 83
7 85
7 86
7 87
7 89
7 90
7 93
7 99
7 103
7 105
7 108
7 109
7 110
7 116
7 117
7 118
7 119
7 120
8 9
8 11
8 12
8 14
8 15
8 16
8 18
8 19
8 21
8 22
8 24
8 25
8 26
8 27
8 28
8 31
8 32
8 33
8 34
8 35
8 40
8 41
8 46
8 48
8 52
8 54
8 57
8 58
8 59
8 60
8 62
8 63
8 64
8 65
8 66
8 67
8 69
8 70
8 72
8 74
8 79
8 82
8 83
8 85
8 89
8 91
8 92
8 93
8 100
8 102
8 105
8 106
8 108
8 111
8 112
8 113
8 114
8 117
9 10
9 11
9 12
9 13
9 15
9 20
9 22
9 23
9 26
9 27
9 31
9 32
9 35
9 36
9 39
9 41
9 44
9 46
9 47
9 48
9 49
9 50
9 53
9 54
9 55
9 56
9 57
9 58
9 59
9 63
9 64
9 66
9 68
9 70
9 72
9 73
9 78
9 79
9 81
9 83
9 84
9 86
9 87
9 89
9 90
9 91
9 92
9 94
9 97
9 98
9 99
9 101
9 102
9 104
9 105
9 108
9 109
9 110
9 111
9 112
9 114
9 116
9 118
9 120
10 11
10 12
10 13
10 18
10 19
10 21
10 22
10 24
10 26
10 28
10 30
10 31
10 32
10 34
10 36
10 37
10 38
10 40
10 42
10 45
10 47
10 49
10 53
10 55
10 57
10 60
10 61
10 62
10 63
10 66
10 67
10 68
10 71
10 73
10 74
10 75
10 76
10 81
10 82
10 83
10 84
10 86
10 88
10 95
10 97
10 99
10 101
10 102
10 103
10 105
10 106
10 107
10 108
10 109
10 110
10 114
10 115
10 118
11 12
11 14
11 17
11 18
11 20
11 24
11 27
11 29
11 30
11 33
11 34
11 40
11 41
11 42
11 43
11 45
11 48
11 50
11 53
11 55
11 57
11 59
11 60
11 61
11 64
11 65
11 67
11 68
11 71
11 75
11 77
11 78
11 80
11 84
11 85
11 89
11 90
11 92
11 93
11 99
11 101
11 102
11 103
11 104
11 108
11 110
11 111
11 113
11 120
12 13
12 14
12 15
12 16
12 17
12 22
12 23
12 24
12 25
12 28
12 29
12 31
12 32
12 34
12 35
12 36
12 37
12 38
12 40
12 42
12 43
12 47
12 48
12 50
12 54
12 55
12 58
12 59
12 62
12 64
12 65
12 68
12 69
12 71
12 72
12 75
12 76
12 80
12 83
12 85
12 90
12 91
12 92
12 94
12 95
12 96
12 97
12 98
12 100
12 101
12 102
12 103
12 104
12 105
12 106
12 107
12 111
12 114
12 115
12 118
13 14
13 16
13 18
13 20
13 24
13 25
13 26
13 28
13 30
13 31
13 32
13 33
13 34
13 36
13 37
13 41
13 43
13 45
13 46
13 48
13 49
13 50
13 51
13 52
13 53
13 57
13 59
13 61
13 62
13 64
13 65
13 66
13 67
13 72
13 73
13 78
13 79
13 80
13 83
13 85
13 86
13 88
13 89
13 90
13 95
13 96
13 99
13 100
13 104
13 106
13 107
13 108
13 109
13 110
13 111
13 112
13 113
13 114
13 116
13 117
14 15
14 17
14 18
14 20
14 21
14 23
14 25
14 26
14 30
14 31
14 34
14 35
14 37
14 38
14 40
14 41
14 42
14 43
14 49
14 50
14 51
14 52
14 54
14 57
14 58
14 59
14 64
14 67
14 68
14 69
14 74
14 76
14 77
14 78
14 82
14 84
14 86
14 87
14 88
14 91
14 92
14 94
14 100
14 103
14 104
14 108
14 109
14 112
14 113
14 114
14 115
14 119
14 120
15 17
15 18
15 19
15 20
15 21
15 22
15 23
15 27
15 31
15 35
15 36
15 38
15 39
15 42
15 43
15 46
15 47
15 48
15 49
15 52
15 53
15 55
15 56
15 57
15 64
15 67
15 69
15 73
15 76
15 78
15 80
15 84
15 85
15 86
15 88
15 89
15 92
15 93
15 94
15 98
15 99
15 102
15 106
15 109
15 110
15 111
15 112
15 113
15 114
15 116
15 120
16 18
16 23
16 31
16 32
16 33
16 38
16 39
16 41
16 43
16 44
16 49
16 52
16 53
16 54
16 56
16 57
16 59
16 61
16 62
16 65
16 66
16 67
16 75
16 77
16 78
16 79
16 80
16 83
16 85
16 86
16 88
16 89
16 90
16 91
16 94
16 96
16 98
16 99
16 100
16 101
16 102
16 103
16 107
16 109
16 111
16 115
16 116
16 118
16 119
17 19
17 20
17 21
17 22
17 23
17 25
17 27
17 29
17 30
17 34
17 35
17 39
17 42
17 43
17 47
17 55
17 57
17 60
17 62
17 64
17 71
17 72
17 73
17 74
17 75
17 76
17 77
17 81
17 98
17 102
17 103
17 105
17 109
17 110
17 112
17 113
17 115
17 116
17 118
18 19
18 21
18 22
18 23
18 24
18 29
18 33
18 35
18 37
18 38
18 39
18 46
18 49
18 50
18 52
18 56
18 58
18 59
18 60
18 63
18 65
18 67
18 68
18 71
18 72
18 74
18 76
18 77
18 78
18 81
18 82
18 84
18 85
18 86
18 87
18 89
18 90
18 91
18 95
18 97
18 98
18 99
18 100
18 102
18 103
18 104
18 105
18 106
18 107
18 108
18 112
18 114
18 116
18 117
18 120
19 26
19 27
19 29
19 31
19 34
19 35
19 36
19 39
19 42
19 43
19 44
19 46
19 49
19 50
19 52
19 54
19 55
19 57
19 59
19 60
19 61
19 64
19 65
19 67
19 68
19 69
19 70
19 73
19 77
19 80
19 84
19 85
19 86
19 88
19 90
19 92
19 94
19 96
19 98
19 99
19 100
19 104
19 105
19 106
19 111
19 112
19 114
19 115
19 116
19 118
19 119
19 120
20 21
20 22
20 24
20 29
20 30
20 31
20 33
20 34
20 37
20 38
20 39
20 41
20 43
20 44
20 45
20 46
20 47
20 50
20 52
20 54
20 58
20 60
20 64
20 65
20 66
20 67
20 71
20 75
20 77
20 79
20 80
20 84
20 88
20 90
20 91
20 92
20 93
20 94
20 96
20 100
20 101
20 105
20 108
20 109
20 111
20 112
20 114
20 115
20 119
20 120
21 25
21 26
21 28
21 31
21 33
21 34
21 36
21 37
21 38
21 39
21 41
21 42
21 44
21 46
21 48
21 50
21 52
21 54
21 56
21 58
21 59
21 60
21 61
21 62
21 63
21 64
21 65
21 66
21 67
21 69
21 71
21 74
21 75
21 80
21 81
21 82
21 84
21 91
21 92
21 96
21 99
21 101
21 102
21 104
21 106
21 112
21 113
21 117
21 118
21 119
21 120
22 23
22 24
22 27
22 31
22 32
22 36
22 38
22 39
22 41
22 46
22 47
22 50
22 53
22 54
22 55
22 57
22 58
22 60
22 61
22 63
22 64
22 65
22 66
22 67
22 70
22 71
22 72
22 73
22 74
22 79
22 85
22 86
22 88
22 89
22 90
22 91
22 92
22 94
22 95
22 97
22 98
22 101
22 103
22 112
22 115
22 118
22 119
23 24
23 27
23 28
23 30
23 31
23 33
23 37
23 43
23 44
23 47
23 49
23 50
23 51
23 52
23 55
23 56
23 60
23 62
23 63
23 66
23 67
23 68
23 73
23 74
23 76
23 85
23 88
23 109
23 110
23 112
23 113
23 115
23 116
23 117
23 119
23 120
24 25
24 26
24 27
24 28
24 29
24 30
24 31
24 32
24 33
24 34
24 35
24 36
24 37
24 38
24 40
24 42
24 43
24 45
24 48
24 51
24 53
24 54
24 58
24 59
24 60
24 61
24 62
24 66
24 67
24 69
24 70
24 71
24 72
24 73
24 75
24 77
24 82
24 84
24 85
24 88
24 93
24 94
24 96
24 99
24 100
24 102
24 104
24 106
24 109
24 111
24 112
24 115
24 117
25 26
25 27
25 28
25 29
25 30
25 32
25 34
25 35
25 37
25 38
25 40
25 41
25 43
25 44
25 45
25 46
25 48
25 51
25 54
25 55
25 61
25 63
25 64
25 66
25 68
25 70
25 73
25 79
25 80
25 85
25 87
25 89
25 90
25 91
25 99
25 100
25 101
25 103
25 105
25 107
25 109
25 110
25 112
25 119
25 120
26 29
26 31
26 33
26 34
26 43
26 45
26 46
26 47
26 51
26 52
26 53
26 61
26 63
26 65
26 68
26 69
26 72
26 73
26 74
26 78
26 79
26 83
26 86
26 89
26 94
26 98
26 101
26 103
26 105
26 112
26 113
26 114
26 116
26 119
27 29
27 36
27 39
27 40
27 41
27 42
27 44
27 46
27 48
27 49
27 50
27 52
27 54
27 55
27 56
27 59
27 60
27 62
27 64
27 65
27 66
27 67
27 69
27 72
27 73
27 74
27 75
27 76
27 78
27 79
27 81
27 86
27 87
27 89
27 92
27 93
27 94
27 95
27 98
27 100
27 103
27 105
27 106
27 107
27 110
27 111
27 114
27 115
27 118
27 119
27 120
28 29
28 30
28 33
28 35
28 36
28 37
28 38
28 39
28 40
28 42
28 43
28 44
28 45
28 51
28 52
28 57
28 58
28 59
28 62
28 63
28 64
28 65
28 67
28 68
28 70
28 71
28 73
28 76
28 77
28 78
28 81
28 84
28 85
28 87
28 89
28 90
28 91
28 93
28 97
28 98
28 99
28 100
28 104
28 105
28 106
28 108
28 115
28 117
29 33
29 34
29 37
29 39
29 42
29 44
29 45
29 46
29 49
29 50
29 52
29 53
29 54
29 56
29 58
29 59
29 60
29 62
29 65
29 69
29 71
29 72
29 74
29 75
29 77
29 78
29 79
29 80
29 81
29 82
29 83
29 84
29 85
29 88
29 89
29 90
29 91
29 92
29 93
29 94
29 95
29 98
29 100
29 101
29 103
29 104
29 105
29 106
29 108
29 112
29 113
29 114
29 116
29 118
29 119
30 31
30 35
30 36
30 38
30 39
30 42
30 43
30 46
30 48
30 51
30 53
30 54
30 55
30 56
30 57
30 58
30 60
30 61
30 67
30 68
30 69
30 70
30 71
30 72
30 73
30 76
30 78
30 80
30 81
30 83
30 85
30 88
30 89
30 92
30 93
30 94
30 96
30 98
30 99
30 100
30 103
30 104
30 107
30 108
30 109
30 110
30 112
30 113
30 116
30 118
30 119
31 32
31 33
31 35
31 36
31 43
31 45
31 47
31 48
31 49
31 50
31 56
31 57
31 59
31 60
31 61
31 62
31 64
31 67
31 70
31 71
31 73
31 79
31 84
31 86
31 87
31 89
31 90
31 94
31 97
31 98
31 101
31 102
31 104
31 105
31 106
31 107
31 108
31 109
31 110
31 111
31 113
31 114
31 115
31 120
32 34
32 35
32 37
32 38
32 40
32 41
32 42
32 44
32 47
32 50
32 51
32 52
32 54
32 57
32 58
32 59
32 61
32 62
32 63
32 64
32 65
32 66
32 67
32 69
32 70
32 72
32 73
32 86
32 87
32 88
32 90
32 91
32 93
32 96
32 98
32 99
32 102
32 104
32 107
32 108
32 110
32 114
32 116
32 117
33 38
33 45
33 49
33 52
33 53
33 54
33 56
33 63
33 64
33 66
33 68
33 71
33 73
33 76
33 79
33 80
33 81
33 89
33 91
33 92
33 93
33 94
33 95
33 96
33 97
33 98
33 99
33 100
33 101
33 109
33 112
33 113
33 114
33 115
33 118
33 120
34 35
34 37
34 39
34 41
34 43
34 44
34 46
34 47
34 48
34 49
34 51
34 52
34 53
34 55
34 57
34 58
34 60
34 61
34 62
34 64
34 65
34 66
34 67
34 69
34 70
34 73
34 74
34 77
34 79
34 81
34 82
34 86
34 87
34 88
34 90
34 92
34 95
34 97
34 101
34 102
34 107
34 108
34 109
34 112
34 113
34 114
34 115
34 116
34 117
34 118
34 119
34 120
35 36
35 37
35 38
35 39
35 40
35 42
35 43
35 45
35 49
35 51
35 52
35 54
35 55
35 56
35 59
35 60
35 61
35 62
35 63
35 64
35 66
35 68
35 69
35 71
35 74
35 77
35 78
35 80
35 81
35 86
35 87
35 88
35 94
35 96
35 97
35 98
35 100
35 102
35 103
35 106
35 107
35 108
35 112
35 113
35 114
35 118
35 119
36 37
36 43
36 44
36 46
36 49
36 54
36 57
36 60
36 62
36 63
36 67
36 69
36 70
36 71
36 72
36 73
36 75
36 76
36 77
36 78
36 79
36 82
36 85
36 86
36 89
36 91
36 92
36 95
36 96
36 97
36 98
36 99
36 100
36 101
36 102
36 103
36 104
36 105
36 108
36 111
36 115
37 38
37 40
37 42
37 43
37 44
37 46
37 49
37 50
37 51
37 55
37 56
37 58
37 59
37 60
37 61
37 62
37 63
37 64
37 65
37 67
37 68
37 70
37 71
37 72
37 73
37 74
37 75
37 76
37 77
37 78
37 79
37 83
37 84
37 87
37 89
37 90
37 93
37 94
37 96
37 97
37 104
37 106
37 107
37 108
37 109
37 118
37 120
38 41
38 43
38 44
38 48
38 49
38 52
38 53
38 54
38 55
38 59
38 64
38 65
38 67
38 68
38 69
38 72
38 74
38 76
38 77
38 81
38 82
38 83
38 85
38 86
38 87
38 89
38 92
38 93
38 94
38 95
38 96
38 97
38 99
38 100
38 101
38 106
38 107
38 109
38 110
38 111
38 112
38 114
38 115
38 119
38 120
39 40
39 43
39 48
39 51
39 52
39 53
39 60
39 61
39 63
39 64
39 70
39 72
39 73
39 75
39 81
39 84
39 87
39 93
39 95
39 103
39 107
39 108
39 110
39 111
39 120
40 48
40 52
40 60
40 61
40 63
40 67
40 68
40 70
40 72
40 78
40 79
40 80
40 81
40 84
40 86
40 87
40 89
40 90
40 92
40 94
40 95
40 96
40 97
40 99
40 100
40 101
40 104
40 105
40 106
40 107
40 109
40 115
40 117
40 118
41 42
41 48
41 50
41 51
41 53
41 55
41 56
41 57
41 59
41 60
41 67
41 69
41 71
41 72
41 73
41 75
41 76
41 80
41 81
41 82
41 83
41 84
41 85
41 86
41 91
41 93
41 98
41 101
41 102
41 104
41 105
41 107
41 108
41 110
41 113
41 114
41 118
41 120
42 44
42 49
42 50
42 51
42 52
42 53
42 54
42 55
42 56
42 57
42 58
42 61
42 62
42 68
42 70
42 71
42 72
42 74
42 75
42 76
42 77
42 79
42 80
42 84
42 87
42 88
42 91
42 94
42 95
42 96
42 98
42 100
42 101
42 103
42 105
42 106
42 107
42 108
42 109
42 118
42 119
42 120
43 44
43 45
43 46
43 48
43 49
43 50
43 51
43 58
43 59
43 60
43 62
43 66
43 67
43 71
43 76
43 77
43 78
43 79
43 80
43 85
43 89
43 95
43 98
43 99
43 100
43 103
43 104
43 108
43 110
43 113
43 115
43 118
43 119
43 120
44 45
44 46
44 47
44 48
44 51
44 55
44 57
44 58
44 60
44 61
44 64
44 66
44 68
44 69
44 72
44 74
44 78
44 79
44 82
44 83
44 84
44 85
44 86
44 87
44 89
44 90
44 92
44 93
44 94
44 95
44 96
44 97
44 98
44 99
44 100
44 102
44 103
44 106
44 107
44 108
44 109
44 111
44 113
44 115
44 117
44 118
44 119
44 120
45 46
45 47
45 48
45 51
45 52
45 53
45 56
45 57
45 58
45 59
45 61
45 62
45 63
45 68
45 72
45 77
45 85
45 86
45 87
45 89
45 90
45 91
45 92
45 93
45 96
45 103
45 105
45 106
45 107
45 108
45 109
45 111
45 114
45 117
45 118
45 119
45 120
46 48
46 49
46 51
46 53
46 55
46 58
46 60
46 61
46 62
46 63
46 69
46 70
46 73
46 74
46 75
46 77
46 84
46 85
46 88
46 91
46 92
46 95
46 96
46 97
46 100
46 101
46 102
46 104
46 105
46 107
46 109
46 114
46 116
46 118
46 119
46 120
47 48
47 49
47 52
47 53
47 54
47 55
47 56
47 60
47 61
47 63
47 65
47 67
47 73
47 77
47 80
47 81
47 82
47 84
47 89
47 90
47 91
47 92
47 94
47 96
47 100
47 101
47 102
47 105
47 107
47 108
47 113
47 115
47 118
48 52
48 53
48 56
48 57
48 63
48 67
48 69
48 71
48 75
48 76
48 77
48 81
48 84
48 85
48 86
48 87
48 89
48 91
48 92
48 93
48 94
48 96
48 100
48 102
48 103
48 104
48 105
48 108
48 110
48 111
48 113
48 114
48 115
48 117
49 50
49 57
49 59
49 62
49 63
49 64
49 65
49 68
49 69
49 70
49 73
49 74
49 78
49 79
49 80
49 84
49 88
49 89
49 90
49 91
49 95
49 98
49 99
49 100
49 101
49 102
49 106
49 108
49 114
49 115
49 118
49 119
50 51
50 52
50 53
50 54
50 56
50 58
50 61
50 63
50 64
50 65
50 70
50 73
50 76
50 77
50 78
50 80
50 81
50 82
50 83
50 84
50 85
50 88
50 89
50 90
50 92
50 93
50 95
50 98
50 102
50 104
50 105
50 106
50 107
50 108
50 109
50 110
50 115
50 116
50 117
50 118
50 119
51 52
51 53
51 54
51 55
51 58
51 59
51 60
51 61
51 63
51 64
51 67
51 69
51 71
51 72
51 73
51 74
51 77
51 80
51 81
51 84
51 86
51 87
51 89
51 90
51 91
51 94
51 95
51 97
51 103
51 104
51 106
51 107
51 108
51 109
51 112
51 113
51 114
51 115
51 116
51 117
52 53
52 56
52 61
52 66
52 67
52 68
52 71
52 73
52 74
52 75
52 76
52 79
52 80
52 83
52 84
52 85
52 88
52 89
52 91
52 92
52 94
52 95
52 96
52 97
52 98
52 99
52 100
52 101
52 102
52 107
52 108
52 111
52 115
52 116
52 118
52 119
52 120
53 56
53 57
53 61
53 62
53 64
53 66
53 67
53 68
53 69
53 71
53 73
53 74
53 76
53 82
53 83
53 85
53 87
53 88
53 89
53 91
53 92
53 95
53 100
53 101
53 102
53 104
53 105
53 106
53 109
53 111
53 119
54 55
54 57
54 59
54 60
54 62
54 63
54 68
54 69
54 70
54 71
54 73
54 76
54 77
54 78
54 82
54 83
54 84
54 85
54 88
54 89
54 93
54 97
54 101
54 102
54 105
54 106
54 108
54 110
54 111
54 113
54 114
54 120
55 56
55 57
55 58
55 59
55 61
55 65
55 68
55 71
55 72
55 75
55 76
55 77
55 79
55 82
55 83
55 86
55 90
55 91
55 93
55 94
55 96
55 99
55 101
55 102
55 103
55 104
55 105
55 107
55 109
55 110
55 111
55 115
55 117
55 120
56 58
56 64
56 65
56 69
56 71
56 72
56 73
56 74
56 75
56 79
56 80
56 81
56 82
56 83
56 88
56 90
56 91
56 92
56 94
56 96
56 97
56 98
56 101
56 102
56 103
56 104
56 106
56 107
56 108
56 109
56 111
56 114
56 115
56 118
56 119
56 120
57 58
57 59
57 60
57 63
57 64
57 65
57 66
57 68
57 69
57 70
57 71
57 72
57 73
57 78
57 79
57 80
57 83
57 84
57 85
57 86
57 90
57 91
57 93
57 96
57 98
57 100
57 101
57 104
57 105
57 107
57 108
57 109
57 111
57 114
57 115
57 116
58 61
58 68
58 69
58 70
58 71
58 72
58 73
58 74
58 75
58 79
58 80
58 82
58 83
58 85
58 88
58 90
58 91
58 94
58 102
58 103
58 104
58 105
58 108
58 109
58 110
58 111
58 112
58 114
58 116
58 117
58 119
59 60
59 65
59 68
59 72
59 73
59 74
59 75
59 76
59 77
59 78
59 79
59 81
59 83
59 85
59 88
59 93
59 94
59 95
59 96
59 97
59 99
59 100
59 102
59 103
59 110
59 111
59 113
59 114
59 115
59 117
59 120
60 61
60 64
60 65
60 66
60 67
60 68
60 69
60 70
60 71
60 72
60 73
60 74
60 75
60 76
60 77
60 80
60 81
60 85
60 87
60 88
60 89
60 95
60 97
60 101
60 102
60 105
60 107
60 108
60 109
60 111
60 112
60 113
60 116
60 117
61 62
61 64
61 65
61 66
61 67
61 68
61 72
61 73
61 74
61 75
61 78
61 79
61 80
61 82
61 83
61 84
61 86
61 87
61 90
61 98
61 99
61 102
61 104
61 105
61 106
61 111
61 112
61 113
61 115
61 116
62 65
62 68
62 69
62 72
62 78
62 82
62 83
62 84
62 87
62 89
62 90
62 91
62 92
62 98
62 102
62 103
62 107
62 108
62 109
62 112
62 114
62 115
62 117
62 120
63 66
63 70
63 73
63 77
63 78
63 79
63 82
63 83
63 85
63 87
63 91
63 93
63 95
63 99
63 100
63 101
63 104
63 105
63 109
63 111
63 112
63 114
63 115
63 116
63 119
64 66
64 67
64 69
64 70
64 71
64 72
64 73
64 74
64 75
64 76
64 77
64 78
64 80
64 81
64 83
64 87
64 88
64 90
64 94
64 96
64 98
64 101
64 102
64 103
64 104
64 106
64 107
64 109
64 112
64 113
64 115
64 116
65 66
65 71
65 74
65 75
65 76
65 79
65 81
65 82
65 83
65 84
65 85
65 86
65 87
65 94
65 97
65 98
65 99
65 100
65 103
65 105
65 106
65 108
65 109
65 111
65 112
65 113
65 115
65 116
65 117
65 120
66 67
66 70
66 71
66 72
66 73
66 74
66 78
66 82
66 83
66 88
66 91
66 93
66 94
66 98
66 99
66 103
66 105
66 106
66 107
66 109
66 110
66 111
66 113
66 114
66 115
66 117
66 118
67 68
67 74
67 76
67 78
67 80
67 83
67 84
67 85
67 87
67 88
67 89
67 91
67 92
67 93
67 98
67 103
67 104
67 105
67 106
67 108
67 109
67 111
67 113
67 114
67 115
67 116
67 117
68 70
68 71
68 72
68 74
68 76
68 77
68 80
68 81
68 83
68 84
68 85
68 86
68 87
68 90
68 91
68 92
68 93
68 95
68 96
68 98
68 101
68 106
68 107
68 108
68 109
68 110
68 112
68 117
68 118
68 120
69 72
69 73
69 74
69 76
69 77
69 78
69 81
69 85
69 86
69 88
69 90
69 91
69 92
69 95
69 96
69 97
69 98
69 99
69 104
69 108
69 110
69 111
69 112
69 115
69 117
69 119
70 74
70 76
70 79
70 80
70 85
70 86
70 87
70 88
70 89
70 91
70 95
70 97
70 98
70 99
70 100
70 101
70 103
70 104
70 105
70 106
70 108
70 109
70 111
70 112
70 115
70 120
71 72
71 73
71 74
71 75
71 77
71 79
71 81
71 82
71 84
71 85
71 90
71 93
71 95
71 97
71 100
71 102
71 105
71 111
71 112
71 115
71 116
71 117
71 118
71 119
71 120
72 73
72 76
72 81
72 83
72 85
72 87
72 88
72 89
72 90
72 92
72 93
72 94
72 95
72 96
72 97
72 98
72 100
72 101
72 105
72 108
72 112
72 113
72 114
72 117
72 119
73 74
73 75
73 76
73 79
73 82
73 86
73 87
73 91
73 92
73 93
73 94
73 95
73 97
73 98
73 99
73 105
73 107
73 109
73 110
73 112
73 116
73 118
73 119
74 75
74 81
74 82
74 83
74 85
74 87
74 89
74 90
74 91
74 92
74 94
74 98
74 99
74 101
74 102
74 103
74 105
74 107
74 109
74 111
74 114
74 116
74 119
74 120
75 76
75 80
75 85
75 90
75 94
75 97
75 101
75 103
75 106
75 107
75 108
75 111
75 113
75 117
75 119
76 77
76 79
76 83
76 85
76 86
76 92
76 93
76 94
76 95
76 97
76 98
76 99
76 101
76 104
76 108
76 109
76 110
76 112
76 113
76 114
76 115
76 116
76 117
76 119
76 120
77 80
77 83
77 89
77 91
77 92
77 96
77 97
77 99
77 101
77 102
77 103
77 104
77 109
77 110
77 111
77 112
77 113
77 117
78 80
78 82
78 83
78 87
78 89
78 91
78 92
78 93
78 95
78 98
78 100
78 104
78 107
78 108
78 109
78 111
78 112
78 116
78 117
78 118
78 119
79 80
79 84
79 85
79 90
79 93
79 95
79 97
79 99
79 101
79 103
79 106
79 107
79 108
79 109
79 111
79 116
79 119
79 120
80 81
80 82
80 83
80 85
80 86
80 88
80 90
80 91
80 97
80 98
80 105
80 107
80 109
80 110
80 111
80 112
80 115
80 119
80 120
81 82
81 83
81 87
81 89
81 90
81 94
81 95
81 98
81 100
81 101
81 102
81 105
81 106
81 109
81 110
81 112
81 113
81 115
81 117
81 119
81 120
82 84
82 85
82 86
82 87
82 89
82 90
82 91
82 92
82 93
82 95
82 96
82 104
82 106
82 110
82 112
82 114
82 115
82 116
82 118
82 119
83 85
83 87
83 88
83 90
83 93
83 94
83 97
83 98
83 100
83 102
83 103
83 105
83 107
83 110
83 112
83 118
84 87
84 89
84 90
84 93
84 94
84 95
84 96
84 97
84 98
84 99
84 102
84 103
84 104
84 105
84 106
84 107
84 110
84 112
84 116
84 117
84 119
85 87
85 89
85 92
85 95
85 96
85 99
85 102
85 103
85 104
85 108
85 109
85 111
85 115
85 118
86 88
86 89
86 91
86 92
86 93
86 94
86 96
86 97
86 100
86 105
86 106
86 112
86 113
86 114
86 115
87 89
87 92
87 93
87 94
87 95
87 97
87 99
87 101
87 103
87 104
87 107
87 108
87 110
87 111
87 113
87 114
87 116
87 118
87 119
88 89
88 94
88 96
88 98
88 105
88 106
88 107
88 110
88 112
88 113
88 116
89 90
89 93
89 97
89 98
89 99
89 103
89 106
89 107
89 108
89 112
89 114
89 117
89 120
90 93
90 94
90 96
90 101
90 102
90 106
90 107
90 109
90 110
90 111
90 112
90 114
90 115
90 117
90 120
91 92
91 93
91 96
91 97
91 99
91 100
91 102
91 104
91 107
91 108
91 112
91 113
91 116
91 117
91 119
91 120
92 93
92 97
92 101
92 105
92 106
92 108
92 109
92 110
92 111
92 112
92 113
92 114
92 116
92 119
92 120
93 94
93 97
93 99
93 100
93 104
93 106
93 107
93 113
93 114
93 115
93 116
93 117
93 118
93 119
93 120
94 97
94 98
94 100
94 102
94 104
94 105
94 106
94 107
94 108
94 109
94 110
94 113
94 116
94 117
94 118
94 119
95 97
95 98
95 101
95 103
95 113
95 114
95 115
95 119
95 120
96 97
96 99
96 102
96 103
96 104
96 106
96 107
96 108
96 109
96 111
96 112
96 115
97 103
97 107
97 109
97 111
97 112
97 113
97 114
97 120
98 100
98 101
98 102
98 103
98 104
98 106
98 108
98 110
98 113
98 115
98 117
98 118
99 100
99 101
99 104
99 108
99 115
99 118
99 119
100 102
100 103
100 105
100 106
100 110
100 113
100 117
100 119
100 120
101 102
101 103
101 105
101 106
101 108
101 109
101 110
101 111
101 113
101 114
101 115
101 116
101 117
101 119
102 103
102 105
102 106
102 116
102 119
102 120
103 105
103 111
103 114
103 115
103 116
103 117
103 118
103 120
104 107
104 108
104 109
104 111
104 115
104 116
105 106
105 108
105 109
105 111
105 113
105 115
105 117
105 118
105 119
106 107
106 108
106 109
106 111
106 114
106 115
106 116
106 117
107 108
107 110
107 114
107 117
107 118
107 120
108 109
108 112
108 115
108 117
108 118
108 119
109 111
109 112
109 117
109 118
109 119
110 112
110 114
110 115
110 118
110 120
111 112
111 114
111 115
111 117
111 119
111 120
112 114
112 115
112 117
112 118
112 119
113 114
113 117
113 118
114 115
114 117
114 118
114 119
115 117
115 118
115 119
116 117
116 118
116 120
117 118
117 120
118 120
119 120
