1 2
1 3
1 4
1 5
1 6
1 7
1 9
1 10
1 11
1 12
1 14
1 15
1 16
1 20
1 22
1 23
1 24
1 27
1 29
1 30
1 32
1 33
1 34
2 3
2 5
2 6
2 7
2 8
2 12
2 13
2 15
2 16
2 17
2 20
2 23
2 31
2 33
2 34
2 35
2 36
2 37
2 39
3 5
3 6
3 7
3 9
3 10
3 11
3 12
3 14
3 16
3 17
3 28
3 31
3 32
3 33
3 34
3 38
3 39
4 5
4 7
4 9
4 10
4 11
4 13
4 15
4 16
4 17
4 18
4 20
4 22
4 23
4 25
4 26
4 27
4 29
4 31
4 32
4 34
4 35
4 36
4 38
4 40
5 11
5 13
5 14
5 15
5 16
5 17
5 19
5 22
5 26
5 31
5 33
5 34
5 35
5 37
5 39
6 7
6 8
6 10
6 14
6 15
6 16
6 17
6 20
6 22
6 27
6 33
6 34
6 35
6 40
7 9
7 10
7 14
7 16
7 20
7 21
7 22
7 24
7 26
7 27
7 30
7 31
7 32
7 36
7 37
7 39
7 40
8 9
8 10
8 13
8 14
8 19
8 21
8 23
8 27
8 28
8 29
8 32
8 34
8 35
8 38
8 40
9 10
9 11
9 12
9 13
9 16
9 17
9 21
9 24
9 27
9 31
9 38
9 39
10 12
10 13
10 14
10 15
10 16
10 22
10 25
10 27
10 28
10 31
10 33
10 34
10 39
10 40
11 12
11 15
11 16
11 18
11 19
11 22
11 23
11 24
11 27
11 28
11 29
11 30
11 31
11 33
11 35
11 39
12 15
12 16
12 17
12 19
12 22
12 24
12 29
12 34
12 36
12 37
12 38
12 40
13 15
13 17
13 21
13 22
13 23
13 24
13 25
13 28
13 29
13 30
13 33
13 35
13 38
13 39
14 21
14 23
14 24
14 25
14 26
14 27
14 29
14 31
14 33
14 34
14 37
14 39
14 40
15 16
15 17
15 20
15 21
15 22
15 23
15 30
15 31
15 33
15 34
15 36
15 37
15 38
15 39
16 17
16 23
16 28
16 30
16 35
16 37
16 39
16 40
17 22
17 23
17 24
17 25
17 26
17 27
17 28
17 29
17 30
17 33
17 35
17 37
17 39
17 40
18 20
18 21
18 22
18 23
18 25
18 27
18 28
18 29
18 30
18 35
18 37
18 38
19 20
19 23
19 24
19 25
19 27
19 29
19 32
19 37
19 38
19 40
20 21
20 22
20 23
20 24
20 25
20 28
20 30
20 31
20 36
20 37
21 23
21 24
21 25
21 29
21 31
21 32
21 33
21 34
21 37
21 38
21 39
21 40
22 24
22 25
22 26
22 27
22 31
22 32
22 33
22 35
22 38
22 39
22 40
23 24
23 25
23 26
23 31
23 34
23 35
23 37
23 40
24 31
24 32
24 33
24 37
24 39
25 26
25 27
25 30
25 32
25 33
25 35
25 36
25 37
25 40
26 29
26 30
26 31
26 32
26 33
26 34
26 36
26 37
26 38
26 39
27 29
27 31
27 33
27 35
27 38
27 40
28 29
28 32
28 33
28 34
28 35
28 37
28 39
29 32
29 36
29 37
29 40
30 31
30 34
30 35
30 39
30 40
31 32
31 35
31 37
31 38
31 39
31 40
32 33
32 36
33 34
33 37
33 38
33 39
33 40
34 35
34 36
34 37
34 38
34 39
34 40
35 37
35 39
36 39
37 38
37 39
38 40
