1 3
1 4
1 5
1 6
1 7
1 8
1 10
1 14
1 18
1 21
1 27
1 33
1 38
1 41
1 42
1 46
1 47
1 48
1 49
1 51
1 52
1 53
1 56
1 57
1 61
1 62
1 63
1 65
1 66
1 67
1 68
1 70
1 72
1 74
1 75
1 81
1 86
1 92
1 93
1 94
1 96
1 97
1 99
1 102
1 103
1 104
1 106
1 108
1 109
1 110
2 3
2 4
2 5
2 7
2 8
2 10
2 11
2 12
2 14
2 15
2 16
2 17
2 18
2 22
2 23
2 24
2 25
2 28
2 31
2 32
2 37
2 39
2 40
2 41
2 44
2 45
2 47
2 48
2 50
2 52
2 53
2 58
2 60
2 62
2 66
2 68
2 69
2 73
2 77
2 78
2 82
2 83
2 85
2 87
2 89
2 90
2 91
2 96
2 97
2 99
2 100
2 101
2 109
3 4
3 5
3 9
3 12
3 14
3 15
3 17
3 18
3 23
3 25
3 27
3 28
3 29
3 30
3 32
3 33
3 34
3 35
3 40
3 41
3 43
3 44
3 45
3 46
3 47
3 50
3 51
3 52
3 53
3 55
3 57
3 58
3 59
3 60
3 65
3 66
3 67
3 69
3 70
3 76
3 77
3 78
3 79
3 80
3 81
3 82
3 87
3 88
3 91
3 92
3 93
3 95
3 98
3 100
3 102
3 105
3 106
3 107
3 109
4 5
4 6
4 7
4 9
4 10
4 11
4 12
4 16
4 20
4 25
4 26
4 27
4 29
4 32
4 33
4 34
4 36
4 37
4 38
4 39
4 40
4 42
4 44
4 45
4 46
4 49
4 52
4 53
4 54
4 56
4 62
4 63
4 65
4 66
4 67
4 69
4 70
4 71
4 72
4 73
4 74
4 75
4 76
4 77
4 83
4 84
4 85
4 86
4 87
4 88
4 89
4 92
4 93
4 94
4 95
4 97
4 102
4 103
4 106
4 108
5 8
5 9
5 10
5 11
5 12
5 13
5 15
5 19
5 21
5 24
5 25
5 28
5 29
5 32
5 37
5 38
5 40
5 41
5 42
5 45
5 46
5 48
5 49
5 50
5 53
5 54
5 56
5 58
5 62
5 64
5 69
5 71
5 74
5 75
5 78
5 82
5 83
5 84
5 85
5 88
5 89
5 90
5 91
5 92
5 93
5 95
5 97
5 99
5 100
5 101
5 102
5 103
5 104
5 108
5 110
6 8
6 9
6 10
6 14
6 17
6 18
6 22
6 23
6 24
6 28
6 29
6 33
6 35
6 36
6 37
6 38
6 39
6 40
6 44
6 46
6 48
6 49
6 50
6 52
6 53
6 55
6 56
6 57
6 58
6 59
6 61
6 62
6 63
6 65
6 71
6 72
6 74
6 75
6 77
6 79
6 81
6 82
6 86
6 88
6 91
6 92
6 93
6 94
6 95
6 97
6 98
6 104
6 105
6 106
6 107
6 109
7 9
7 11
7 14
7 15
7 18
7 20
7 21
7 22
7 23
7 24
7 26
7 27
7 30
7 31
7 33
7 35
7 36
7 40
7 41
7 43
7 45
7 46
7 49
7 53
7 55
7 56
7 59
7 66
7 67
7 68
7 69
7 70
7 73
7 75
7 77
7 78
7 79
7 80
7 83
7 87
7 89
7 90
7 92
7 94
7 97
7 98
7 100
7 102
7 106
7 107
7 108
7 109
7 110
8 9
8 10
8 13
8 14
8 15
8 17
8 18
8 23
8 24
8 27
8 28
8 29
8 32
8 34
8 35
8 36
8 37
8 38
8 45
8 46
8 48
8 53
8 54
8 57
8 58
8 60
8 62
8 63
8 67
8 69
8 70
8 72
8 75
8 78
8 83
8 86
8 88
8 89
8 90
8 95
8 98
8 99
8 103
8 104
8 106
8 108
8 110
9 13
9 17
9 20
9 24
9 26
9 27
9 29
9 32
9 33
9 37
9 40
9 42
9 45
9 46
9 49
9 52
9 53
9 61
9 62
9 63
9 68
9 70
9 72
9 75
9 76
9 80
9 82
9 87
9 88
9 94
9 96
9 97
9 101
9 105
9 106
9 108
9 110
10 12
10 14
10 15
10 17
10 19
10 21
10 23
10 25
10 26
10 28
10 29
10 37
10 38
10 41
10 42
10 44
10 45
10 46
10 48
10 51
10 52
10 53
10 55
10 56
10 57
10 60
10 61
10 63
10 67
10 68
10 69
10 71
10 73
10 74
10 78
10 80
10 81
10 82
10 85
10 86
10 89
10 96
10 102
10 103
10 104
10 105
10 107
10 108
11 14
11 15
11 18
11 19
11 23
11 24
11 26
11 27
11 28
11 29
11 31
11 33
11 34
11 36
11 37
11 38
11 40
11 41
11 42
11 46
11 50
11 51
11 54
11 55
11 56
11 58
11 59
11 60
11 63
11 64
11 65
11 70
11 71
11 73
11 77
11 78
11 80
11 83
11 85
11 86
11 88
11 91
11 92
11 95
11 98
11 99
11 101
11 102
11 107
11 109
12 14
12 16
12 17
12 18
12 19
12 21
12 22
12 24
12 25
12 26
12 27
12 28
12 29
12 30
12 31
12 32
12 33
12 35
12 36
12 37
12 39
12 40
12 42
12 47
12 49
12 50
12 52
12 53
12 54
12 55
12 56
12 57
12 58
12 59
12 63
12 66
12 67
12 70
12 72
12 73
12 74
12 77
12 79
12 81
12 82
12 83
12 85
12 87
12 90
12 93
12 95
12 96
12 98
12 100
12 102
12 103
12 104
12 109
12 110
13 15
13 16
13 18
13 19
13 20
13 21
13 22
13 23
13 25
13 30
13 31
13 32
13 33
13 34
13 36
13 37
13 38
13 39
13 42
13 43
13 46
13 49
13 52
13 53
13 54
13 57
13 59
13 61
13 64
13 65
13 67
13 69
13 70
13 72
13 73
13 75
13 76
13 79
13 80
13 81
13 85
13 86
13 87
13 89
13 91
13 92
13 95
13 97
13 99
13 100
13 103
13 108
13 110
14 16
14 18
14 22
14 28
14 29
14 30
14 32
14 34
14 35
14 37
14 39
14 41
14 43
14 45
14 51
14 52
14 54
14 56
14 57
14 59
14 61
14 62
14 65
14 68
14 69
14 74
14 75
14 76
14 82
14 87
14 89
14 92
14 93
14 94
14 97
14 98
14 100
14 102
14 103
14 105
14 107
14 108
14 109
15 18
15 22
15 24
15 25
15 27
15 28
15 30
15 31
15 32
15 34
15 37
15 39
15 42
15 44
15 45
15 46
15 50
15 52
15 53
15 54
15 56
15 60
15 61
15 62
15 66
15 68
15 69
15 74
15 75
15 76
15 77
15 78
15 79
15 80
15 81
15 82
15 83
15 84
15 85
15 86
15 87
15 90
15 92
15 94
15 95
15 96
15 98
15 101
15 102
15 103
15 107
15 110
16 17
16 19
16 20
16 22
16 23
16 24
16 25
16 29
16 30
16 32
16 33
16 35
16 37
16 38
16 39
16 40
16 41
16 42
16 43
16 44
16 45
16 46
16 47
16 48
16 52
16 54
16 55
16 56
16 57
16 58
16 61
16 62
16 63
16 64
16 65
16 67
16 69
16 73
16 74
16 77
16 79
16 80
16 81
16 82
16 83
16 84
16 85
16 90
16 91
16 93
16 97
16 98
16 102
16 104
16 108
17 18
17 20
17 23
17 25
17 26
17 27
17 28
17 32
17 33
17 34
17 36
17 37
17 41
17 44
17 45
17 46
17 49
17 50
17 51
17 52
17 56
17 57
17 61
17 62
17 63
17 65
17 66
17 69
17 70
17 71
17 73
17 74
17 75
17 76
17 80
17 82
17 84
17 85
17 86
17 88
17 90
17 91
17 95
17 98
17 100
17 101
17 102
17 103
17 106
17 108
17 110
18 19
18 22
18 24
18 25
18 26
18 27
18 33
18 35
18 36
18 37
18 38
18 42
18 44
18 45
18 46
18 49
18 50
18 51
18 53
18 56
18 57
18 58
18 59
18 60
18 62
18 63
18 64
18 65
18 69
18 71
18 72
18 73
18 74
18 79
18 80
18 81
18 82
18 83
18 86
18 88
18 89
18 90
18 91
18 92
18 95
18 98
18 99
18 100
18 101
18 103
18 104
18 105
18 106
18 109
19 21
19 23
19 26
19 27
19 28
19 29
19 31
19 32
19 33
19 35
19 36
19 37
19 40
19 42
19 44
19 45
19 49
19 50
19 54
19 57
19 59
19 60
19 62
19 63
19 64
19 65
19 68
19 69
19 71
19 72
19 73
19 74
19 75
19 77
19 78
19 79
19 80
19 81
19 85
19 86
19 89
19 90
19 92
19 94
19 96
19 98
19 100
19 101
19 108
19 109
19 110
20 21
20 22
20 24
20 26
20 29
20 30
20 31
20 32
20 33
20 34
20 35
20 36
20 37
20 38
20 40
20 42
20 44
20 45
20 46
20 47
20 48
20 49
20 51
20 53
20 54
20 57
20 58
20 59
20 60
20 62
20 64
20 66
20 68
20 71
20 72
20 74
20 75
20 76
20 78
20 80
20 81
20 82
20 83
20 84
20 88
20 91
20 93
20 95
20 96
20 99
20 100
20 101
20 104
20 105
20 106
20 107
20 108
21 22
21 24
21 26
21 29
21 30
21 33
21 34
21 39
21 42
21 44
21 46
21 48
21 49
21 50
21 52
21 53
21 55
21 59
21 60
21 62
21 63
21 66
21 68
21 69
21 70
21 71
21 73
21 74
21 75
21 77
21 79
21 80
21 81
21 83
21 86
21 89
21 90
21 92
21 94
21 97
21 99
21 100
21 101
21 102
21 103
21 105
21 106
21 107
21 108
21 110
22 23
22 24
22 25
22 27
22 32
22 37
22 38
22 39
22 44
22 45
22 47
22 48
22 50
22 51
22 52
22 55
22 56
22 58
22 65
22 67
22 68
22 70
22 72
22 74
22 76
22 77
22 78
22 79
22 85
22 87
22 88
22 89
22 91
22 92
22 93
22 95
22 96
22 100
22 101
22 102
22 104
22 105
22 106
22 107
22 110
23 24
23 25
23 26
23 28
23 33
23 34
23 42
23 44
23 46
23 47
23 49
23 54
23 57
23 60
23 61
23 63
23 66
23 68
23 71
23 72
23 75
23 78
23 80
23 82
23 84
23 89
23 90
23 91
23 94
23 98
23 99
23 101
23 103
23 105
23 108
23 109
24 25
24 26
24 27
24 28
24 30
24 32
24 33
24 35
24 37
24 38
24 40
24 41
24 42
24 43
24 44
24 46
24 47
24 48
24 51
24 52
24 54
24 55
24 56
24 63
24 65
24 66
24 70
24 72
24 73
24 75
24 77
24 78
24 79
24 80
24 81
24 85
24 87
24 88
24 90
24 93
24 94
24 99
24 103
24 106
24 107
24 109
24 110
25 29
25 31
25 32
25 33
25 36
25 37
25 38
25 45
25 46
25 49
25 52
25 53
25 55
25 57
25 58
25 59
25 64
25 66
25 67
25 68
25 69
25 71
25 74
25 76
25 79
25 81
25 83
25 85
25 93
25 94
25 95
25 96
25 99
25 100
25 101
25 103
25 104
25 105
25 107
25 108
25 109
25 110
26 27
26 29
26 30
26 31
26 32
26 33
26 37
26 38
26 39
26 41
26 42
26 44
26 45
26 46
26 47
26 48
26 49
26 50
26 52
26 53
26 54
26 59
26 62
26 63
26 66
26 68
26 71
26 73
26 80
26 81
26 83
26 84
26 88
26 89
26 95
26 97
26 98
26 104
26 105
26 107
26 109
26 110
27 30
27 31
27 32
27 34
27 37
27 38
27 41
27 42
27 44
27 47
27 48
27 50
27 51
27 52
27 53
27 54
27 55
27 57
27 61
27 62
27 65
27 71
27 75
27 76
27 79
27 82
27 87
27 88
27 92
27 95
27 96
27 99
27 101
27 102
27 103
27 108
28 30
28 31
28 32
28 33
28 34
28 37
28 38
28 45
28 48
28 49
28 50
28 53
28 57
28 59
28 61
28 62
28 67
28 70
28 73
28 74
28 75
28 80
28 81
28 82
28 83
28 85
28 88
28 92
28 94
28 99
28 102
28 104
28 106
28 107
28 108
28 110
29 30
29 32
29 35
29 42
29 43
29 44
29 47
29 51
29 56
29 57
29 58
29 59
29 62
29 64
29 66
29 67
29 68
29 69
29 71
29 72
29 73
29 74
29 75
29 78
29 81
29 83
29 84
29 85
29 86
29 87
29 89
29 90
29 91
29 92
29 94
29 95
29 96
29 101
29 102
29 104
29 106
29 110
30 31
30 32
30 34
30 35
30 40
30 41
30 42
30 47
30 48
30 49
30 50
30 51
30 55
30 58
30 65
30 68
30 69
30 73
30 77
30 78
30 79
30 83
30 86
30 87
30 88
30 89
30 91
30 94
30 95
30 96
30 97
30 98
30 101
30 106
31 35
31 36
31 38
31 39
31 40
31 42
31 43
31 44
31 46
31 48
31 50
31 51
31 55
31 57
31 58
31 61
31 63
31 64
31 68
31 69
31 70
31 71
31 72
31 75
31 76
31 82
31 83
31 84
31 86
31 87
31 88
31 90
31 91
31 93
31 94
31 95
31 96
31 103
31 104
31 105
31 109
32 34
32 35
32 36
32 37
32 38
32 40
32 42
32 44
32 45
32 46
32 49
32 51
32 55
32 57
32 58
32 59
32 60
32 62
32 63
32 64
32 65
32 69
32 70
32 71
32 74
32 75
32 76
32 77
32 78
32 79
32 83
32 84
32 86
32 87
32 88
32 89
32 90
32 94
32 96
32 97
32 100
32 101
32 104
32 106
32 107
32 109
33 34
33 36
33 39
33 42
33 43
33 44
33 47
33 48
33 50
33 53
33 54
33 57
33 59
33 61
33 62
33 64
33 68
33 69
33 71
33 73
33 74
33 75
33 76
33 84
33 85
33 87
33 88
33 90
33 93
33 99
33 101
33 104
33 106
33 107
33 108
34 35
34 40
34 42
34 45
34 46
34 47
34 49
34 52
34 53
34 54
34 57
34 58
34 59
34 61
34 62
34 63
34 66
34 70
34 71
34 72
34 77
34 80
34 87
34 88
34 89
34 90
34 93
34 94
34 96
34 97
34 100
34 101
34 109
35 36
35 37
35 38
35 39
35 40
35 43
35 44
35 45
35 46
35 47
35 48
35 49
35 58
35 61
35 66
35 71
35 73
35 74
35 75
35 81
35 86
35 87
35 91
35 92
35 94
35 97
35 98
35 100
35 105
35 106
35 107
35 108
35 109
35 110
36 39
36 42
36 43
36 48
36 49
36 51
36 53
36 55
36 58
36 59
36 61
36 64
36 65
36 67
36 73
36 75
36 76
36 77
36 78
36 81
36 82
36 83
36 85
36 86
36 87
36 92
36 95
36 96
36 98
36 99
36 102
36 105
36 106
36 108
37 38
37 41
37 42
37 44
37 46
37 47
37 48
37 49
37 50
37 51
37 52
37 53
37 57
37 60
37 61
37 62
37 63
37 65
37 67
37 68
37 71
37 73
37 75
37 76
37 77
37 79
37 80
37 83
37 84
37 85
37 89
37 90
37 91
37 96
37 98
37 99
37 101
37 104
38 42
38 45
38 49
38 50
38 52
38 54
38 57
38 58
38 59
38 61
38 62
38 64
38 66
38 67
38 70
38 72
38 73
38 74
38 76
38 78
38 80
38 82
38 84
38 87
38 90
38 91
38 92
38 94
38 95
38 96
38 98
38 99
38 101
38 102
38 103
38 104
38 105
38 106
38 107
38 108
38 110
39 40
39 44
39 47
39 48
39 49
39 50
39 51
39 53
39 54
39 56
39 57
39 58
39 59
39 60
39 62
39 63
39 64
39 66
39 67
39 68
39 69
39 70
39 74
39 76
39 78
39 79
39 81
39 83
39 85
39 87
39 90
39 91
39 93
39 96
39 97
39 98
39 100
39 103
39 106
39 107
39 110
40 41
40 42
40 43
40 46
40 50
40 51
40 52
40 53
40 54
40 57
40 58
40 59
40 60
40 62
40 64
40 65
40 67
40 68
40 69
40 70
40 71
40 72
40 73
40 74
40 78
40 83
40 84
40 85
40 87
40 88
40 89
40 92
40 93
40 95
40 97
40 101
40 102
40 103
40 106
40 108
40 109
41 43
41 46
41 53
41 54
41 55
41 57
41 58
41 59
41 60
41 61
41 64
41 65
41 66
41 67
41 69
41 71
41 72
41 76
41 77
41 78
41 84
41 85
41 92
41 93
41 94
41 96
41 98
41 99
41 100
41 102
41 103
41 107
41 108
41 110
42 45
42 46
42 47
42 49
42 50
42 51
42 52
42 54
42 59
42 61
42 62
42 63
42 64
42 65
42 67
42 68
42 71
42 72
42 79
42 80
42 81
42 82
42 83
42 84
42 87
42 91
42 93
42 101
42 102
42 103
42 104
42 106
42 110
43 45
43 48
43 51
43 52
43 54
43 55
43 56
43 58
43 61
43 62
43 64
43 68
43 71
43 72
43 73
43 74
43 76
43 77
43 79
43 81
43 82
43 86
43 87
43 88
43 90
43 91
43 94
43 102
43 103
43 104
43 105
43 108
44 47
44 48
44 49
44 51
44 52
44 54
44 55
44 58
44 65
44 69
44 70
44 73
44 74
44 75
44 76
44 79
44 80
44 81
44 82
44 85
44 86
44 88
44 89
44 91
44 96
44 97
44 101
44 104
44 105
44 106
45 47
45 49
45 51
45 52
45 54
45 55
45 57
45 58
45 61
45 68
45 69
45 70
45 71
45 72
45 74
45 75
45 76
45 78
45 79
45 82
45 87
45 91
45 92
45 94
45 97
45 104
45 106
45 108
45 109
45 110
46 48
46 49
46 50
46 52
46 53
46 57
46 60
46 61
46 65
46 66
46 67
46 68
46 70
46 74
46 76
46 77
46 79
46 81
46 82
46 86
46 88
46 97
46 101
46 104
46 105
46 106
46 108
46 109
47 51
47 53
47 55
47 56
47 57
47 58
47 64
47 68
47 70
47 72
47 78
47 80
47 81
47 82
47 86
47 87
47 89
47 90
47 93
47 94
47 99
47 102
47 104
47 105
47 106
47 107
47 109
48 56
48 57
48 61
48 63
48 64
48 65
48 67
48 69
48 71
48 73
48 74
48 75
48 79
48 80
48 83
48 86
48 87
48 90
48 91
48 92
48 93
48 95
48 98
48 99
48 100
48 102
48 103
48 104
48 106
48 109
49 52
49 53
49 55
49 57
49 60
49 63
49 66
49 68
49 72
49 73
49 76
49 80
49 83
49 85
49 87
49 88
49 91
49 92
49 93
49 96
49 98
49 99
49 100
49 101
49 103
49 104
49 105
49 109
50 51
50 55
50 59
50 62
50 64
50 67
50 69
50 72
50 75
50 77
50 78
50 82
50 83
50 85
50 88
50 91
50 92
50 93
50 96
50 99
50 100
50 102
50 107
50 109
50 110
51 52
51 53
51 55
51 56
51 57
51 58
51 62
51 65
51 68
51 69
51 70
51 71
51 78
51 79
51 80
51 82
51 83
51 84
51 85
51 86
51 91
51 92
51 94
51 96
51 100
51 101
51 102
51 103
51 105
51 107
51 108
51 110
52 54
52 60
52 63
52 65
52 72
52 73
52 74
52 75
52 76
52 77
52 78
52 81
52 83
52 86
52 89
52 91
52 92
52 93
52 99
52 102
52 103
52 107
52 109
52 110
53 54
53 56
53 60
53 61
53 62
53 65
53 67
53 70
53 71
53 74
53 75
53 76
53 77
53 78
53 79
53 81
53 82
53 83
53 84
53 85
53 86
53 87
53 93
53 95
53 96
53 97
53 98
53 101
53 102
53 108
53 110
54 55
54 56
54 58
54 61
54 62
54 64
54 66
54 67
54 68
54 69
54 70
54 72
54 73
54 74
54 79
54 81
54 83
54 86
54 87
54 91
54 94
54 99
54 104
54 109
55 59
55 61
55 62
55 63
55 66
55 67
55 68
55 69
55 71
55 74
55 75
55 78
55 80
55 83
55 84
55 88
55 91
55 93
55 96
55 99
55 101
55 106
55 107
55 108
56 57
56 58
56 60
56 61
56 64
56 66
56 67
56 68
56 69
56 70
56 71
56 72
56 73
56 74
56 76
56 77
56 79
56 80
56 84
56 89
56 90
56 92
56 93
56 94
56 97
56 98
56 99
56 102
56 105
56 110
57 58
57 60
57 62
57 64
57 67
57 68
57 69
57 71
57 79
57 80
57 81
57 84
57 85
57 87
57 94
57 96
57 98
57 102
57 103
57 104
57 106
57 108
57 110
58 59
58 63
58 65
58 69
58 71
58 72
58 74
58 75
58 76
58 77
58 81
58 84
58 86
58 87
58 89
58 93
58 95
58 98
58 99
58 102
58 103
58 104
58 105
58 107
58 108
59 60
59 63
59 64
59 65
59 66
59 68
59 69
59 70
59 71
59 72
59 75
59 79
59 80
59 82
59 83
59 84
59 85
59 86
59 88
59 89
59 90
59 91
59 92
59 94
59 96
59 99
59 100
59 101
59 105
59 107
59 108
60 61
60 65
60 70
60 72
60 73
60 81
60 82
60 84
60 85
60 87
60 89
60 93
60 94
60 99
60 101
60 103
60 109
61 65
61 69
61 73
61 77
61 79
61 80
61 81
61 82
61 85
61 86
61 87
61 88
61 90
61 92
61 93
61 94
61 95
61 97
61 98
61 100
61 103
61 104
61 105
61 110
62 63
62 65
62 66
62 67
62 68
62 69
62 72
62 78
62 79
62 80
62 81
62 85
62 87
62 90
62 93
62 100
62 101
62 103
62 104
62 106
62 108
63 65
63 66
63 73
63 74
63 75
63 76
63 77
63 79
63 80
63 82
63 83
63 84
63 86
63 87
63 88
63 89
63 90
63 92
63 93
63 98
63 99
63 100
63 101
63 102
63 103
63 104
63 109
64 67
64 73
64 74
64 75
64 78
64 79
64 80
64 81
64 86
64 89
64 90
64 91
64 96
64 97
64 98
64 100
64 101
64 102
64 103
64 104
64 105
64 106
64 109
64 110
65 66
65 67
65 69
65 70
65 71
65 73
65 76
65 77
65 79
65 80
65 82
65 83
65 84
65 87
65 89
65 93
65 95
65 98
65 99
65 101
65 102
65 103
65 104
65 107
65 109
66 67
66 70
66 73
66 74
66 80
66 82
66 83
66 84
66 85
66 91
66 92
66 101
66 106
66 107
66 108
66 109
67 68
67 69
67 70
67 71
67 76
67 78
67 79
67 83
67 84
67 85
67 86
67 88
67 92
67 93
67 95
67 96
67 98
67 101
67 102
67 103
67 105
67 106
67 109
67 110
68 71
68 73
68 76
68 77
68 78
68 79
68 81
68 85
68 86
68 88
68 90
68 91
68 96
68 97
68 101
68 102
68 103
68 105
68 108
68 109
68 110
69 71
69 72
69 77
69 79
69 81
69 82
69 85
69 86
69 87
69 88
69 95
69 96
69 101
69 102
69 104
69 105
69 106
69 107
70 72
70 73
70 75
70 76
70 81
70 82
70 83
70 87
70 88
70 89
70 91
70 93
70 94
70 97
70 98
70 101
70 102
70 104
70 107
70 109
70 110
71 74
71 77
71 78
71 79
71 81
71 83
71 88
71 91
71 92
71 94
71 95
71 96
71 99
71 100
71 102
71 103
71 104
71 106
71 108
72 73
72 74
72 77
72 79
72 80
72 81
72 82
72 84
72 85
72 86
72 88
72 90
72 93
72 95
72 96
72 100
72 101
72 103
72 104
72 106
72 107
72 108
73 75
73 76
73 77
73 79
73 80
73 81
73 82
73 85
73 86
73 87
73 93
73 95
73 97
73 98
73 99
73 100
73 101
73 103
73 106
74 76
74 77
74 80
74 82
74 83
74 84
74 86
74 89
74 90
74 93
74 95
74 97
74 99
74 101
74 103
74 105
74 106
75 76
75 79
75 80
75 81
75 82
75 83
75 84
75 85
75 86
75 87
75 90
75 91
75 92
75 94
75 95
75 100
75 104
75 106
75 107
75 110
76 77
76 78
76 79
76 81
76 83
76 86
76 87
76 92
76 93
76 94
76 95
76 98
76 103
76 104
76 106
76 107
76 110
77 78
77 79
77 81
77 83
77 84
77 86
77 87
77 89
77 91
77 94
77 95
77 96
77 100
77 101
77 102
77 103
77 105
77 107
77 108
77 110
78 79
78 86
78 88
78 91
78 92
78 94
78 95
78 103
78 106
78 107
78 110
79 80
79 82
79 83
79 85
79 87
79 89
79 91
79 93
79 99
79 100
79 103
79 104
79 105
79 106
79 107
79 109
79 110
80 84
80 86
80 91
80 92
80 93
80 97
80 102
80 104
80 105
80 106
80 109
81 84
81 85
81 86
81 88
81 90
81 95
81 96
81 98
81 99
81 101
81 102
81 103
81 105
81 107
81 110
82 83
82 84
82 85
82 86
82 88
82 90
82 91
82 92
82 94
82 96
82 97
82 98
82 103
82 104
82 110
83 87
83 89
83 91
83 99
83 101
83 102
83 105
83 106
83 108
83 109
83 110
84 85
84 86
84 88
84 89
84 92
84 93
84 94
84 95
84 96
84 97
84 100
84 103
84 105
84 109
85 86
85 88
85 90
85 94
85 95
85 98
85 99
85 101
85 102
85 104
85 107
86 89
86 91
86 94
86 96
86 97
86 98
86 103
86 106
86 110
87 88
87 89
87 92
87 93
87 95
87 96
87 99
87 100
87 104
87 105
87 107
87 108
87 109
87 110
88 89
88 91
88 92
88 93
88 96
88 98
88 100
88 101
88 102
88 105
88 108
88 110
89 90
89 91
89 93
89 94
89 96
89 106
89 107
89 108
89 109
90 93
90 97
90 99
90 100
90 101
90 104
90 108
90 109
91 92
91 93
91 95
91 97
91 98
91 99
91 101
91 102
91 103
91 104
91 105
91 106
91 109
91 110
92 93
92 95
92 97
92 98
92 100
92 105
92 106
92 107
92 108
92 110
93 94
93 95
93 98
93 99
93 101
93 102
93 105
93 107
93 108
93 109
94 98
94 99
94 101
94 104
94 105
94 106
94 110
95 96
95 97
95 105
95 106
95 108
95 110
96 97
96 100
96 101
96 102
96 103
96 104
96 106
96 107
96 109
96 110
97 99
97 101
97 102
97 103
97 104
97 106
97 107
97 109
98 101
98 108
99 100
99 101
99 103
99 104
99 105
99 106
99 107
100 101
100 104
100 105
100 107
100 110
101 106
101 109
101 110
102 104
102 105
102 107
102 108
102 109
103 106
103 108
103 109
104 105
104 106
104 107
104 108
105 106
105 108
105 110
106 107
107 109
107 110
