1 4
1 8
1 12
1 14
1 15
1 16
1 20
1 22
1 24
1 25
1 26
1 29
1 30
1 34
1 37
1 38
1 41
1 43
1 45
1 48
1 49
1 53
1 55
1 56
1 59
2 3
2 5
2 6
2 7
2 9
2 13
2 14
2 15
2 16
2 18
2 21
2 24
2 25
2 27
2 30
2 31
2 34
2 38
2 39
2 40
2 45
2 46
2 49
2 52
2 53
2 55
2 56
2 57
2 58
2 60
3 4
3 6
3 7
3 9
3 11
3 14
3 15
3 19
3 20
3 21
3 23
3 24
3 27
3 29
3 30
3 31
3 32
3 33
3 34
3 38
3 39
3 41
3 43
3 44
3 46
3 47
3 50
3 54
3 56
3 58
3 60
4 6
4 8
4 9
4 11
4 12
4 13
4 16
4 17
4 22
4 27
4 31
4 32
4 33
4 34
4 38
4 39
4 43
4 45
4 51
4 52
4 53
4 59
4 60
5 6
5 7
5 10
5 13
5 14
5 16
5 17
5 19
5 20
5 23
5 27
5 29
5 30
5 31
5 32
5 33
5 34
5 36
5 39
5 40
5 41
5 43
5 45
5 46
5 49
5 51
5 52
5 57
5 58
5 59
5 60
6 8
6 16
6 17
6 21
6 23
6 25
6 26
6 29
6 30
6 31
6 32
6 34
6 37
6 41
6 43
6 44
6 47
6 48
6 50
6 51
6 52
6 53
6 55
6 57
6 60
7 8
7 9
7 10
7 11
7 12
7 14
7 18
7 20
7 21
7 22
7 23
7 26
7 27
7 28
7 30
7 31
7 36
7 37
7 38
7 40
7 41
7 44
7 46
7 47
7 48
7 50
7 52
7 56
7 58
7 59
7 60
8 11
8 14
8 16
8 17
8 18
8 19
8 20
8 22
8 23
8 24
8 27
8 28
8 33
8 35
8 37
8 41
8 44
8 45
8 47
8 49
8 50
8 55
8 56
8 57
8 58
9 10
9 15
9 16
9 18
9 19
9 20
9 21
9 22
9 23
9 27
9 29
9 31
9 32
9 33
9 34
9 35
9 37
9 39
9 40
9 41
9 42
9 43
9 47
9 48
9 49
9 52
9 53
9 59
10 11
10 12
10 15
10 16
10 17
10 20
10 21
10 23
10 31
10 33
10 37
10 39
10 40
10 41
10 42
10 43
10 44
10 50
10 51
10 54
10 55
10 57
10 59
11 13
11 17
11 18
11 20
11 21
11 23
11 26
11 29
11 30
11 31
11 33
11 34
11 35
11 37
11 38
11 39
11 40
11 43
11 45
11 50
11 51
11 52
11 54
11 56
12 13
12 15
12 21
12 25
12 26
12 27
12 31
12 33
12 35
12 36
12 40
12 48
12 50
12 52
12 54
12 55
12 57
12 58
13 16
13 17
13 18
13 19
13 20
13 22
13 23
13 24
13 25
13 26
13 30
13 32
13 33
13 34
13 35
13 36
13 38
13 40
13 44
13 45
13 46
13 49
13 50
13 51
13 52
13 55
13 56
13 60
14 15
14 16
14 17
14 18
14 21
14 22
14 23
14 24
14 26
14 28
14 29
14 30
14 32
14 34
14 37
14 39
14 47
14 48
14 49
14 52
14 54
14 57
14 58
15 17
15 18
15 19
15 20
15 23
15 24
15 26
15 29
15 32
15 33
15 35
15 37
15 38
15 39
15 41
15 42
15 43
15 44
15 45
15 46
15 50
15 51
15 55
15 58
16 18
16 20
16 28
16 31
16 33
16 36
16 38
16 39
16 40
16 43
16 48
16 49
16 51
16 53
16 58
16 60
17 18
17 21
17 23
17 24
17 26
17 29
17 30
17 31
17 36
17 37
17 42
17 43
17 46
17 50
17 53
17 55
17 56
17 57
17 58
18 25
18 26
18 30
18 31
18 32
18 36
18 39
18 41
18 42
18 46
18 47
18 52
18 55
18 57
19 20
19 24
19 30
19 36
19 39
19 42
19 45
19 46
19 47
19 50
19 51
19 52
19 54
19 55
19 59
19 60
20 22
20 23
20 24
20 25
20 26
20 27
20 28
20 31
20 33
20 34
20 35
20 37
20 39
20 41
20 43
20 44
20 45
20 53
20 54
20 57
20 58
20 59
21 22
21 23
21 27
21 29
21 30
21 34
21 35
21 37
21 38
21 40
21 41
21 42
21 43
21 44
21 45
21 48
21 50
21 54
22 23
22 24
22 26
22 27
22 28
22 29
22 33
22 34
22 35
22 38
22 39
22 41
22 42
22 43
22 49
22 50
22 51
22 52
22 53
22 54
22 55
22 56
22 57
23 24
23 25
23 28
23 29
23 32
23 33
23 37
23 38
23 41
23 44
23 45
23 49
23 50
23 51
23 52
23 53
23 55
23 57
23 58
24 29
24 30
24 32
24 33
24 34
24 35
24 36
24 38
24 41
24 44
24 46
24 47
24 55
24 56
24 57
24 58
25 26
25 27
25 33
25 37
25 44
25 46
25 47
25 48
25 52
25 53
25 54
25 55
25 56
25 57
25 59
26 27
26 29
26 30
26 33
26 34
26 40
26 41
26 42
26 43
26 45
26 46
26 47
26 51
26 52
26 53
26 54
26 55
26 58
27 28
27 31
27 32
27 34
27 35
27 36
27 38
27 39
27 40
27 42
27 43
27 44
27 45
27 46
27 48
27 49
27 53
27 54
27 55
27 57
27 59
28 29
28 31
28 32
28 33
28 34
28 36
28 37
28 39
28 40
28 41
28 42
28 44
28 45
28 46
28 50
28 51
29 30
29 31
29 35
29 36
29 37
29 38
29 39
29 41
29 42
29 44
29 45
29 46
29 47
29 48
29 52
29 53
29 54
29 58
29 60
30 31
30 32
30 33
30 43
30 46
30 50
30 51
30 52
30 54
30 56
30 57
30 59
31 33
31 35
31 36
31 37
31 38
31 39
31 40
31 44
31 49
31 52
31 54
31 55
31 57
31 59
32 33
32 34
32 36
32 38
32 39
32 41
32 44
32 46
32 47
32 49
32 52
32 53
32 56
32 57
32 58
32 59
33 34
33 36
33 39
33 42
33 43
33 45
33 47
33 54
33 57
33 59
33 60
34 35
34 36
34 38
34 39
34 41
34 42
34 44
34 46
34 48
34 49
34 50
34 52
34 53
34 56
34 58
34 59
34 60
35 36
35 38
35 39
35 40
35 42
35 43
35 44
35 46
35 48
35 49
35 51
35 52
35 54
35 55
35 56
35 57
35 58
35 59
35 60
36 38
36 39
36 40
36 42
36 45
36 48
36 49
36 51
36 52
36 56
36 57
36 58
36 59
36 60
37 38
37 39
37 40
37 41
37 43
37 44
37 45
37 46
37 47
37 49
37 54
37 55
37 56
37 58
37 59
38 39
38 40
38 42
38 43
38 44
38 48
38 49
38 50
38 51
38 52
38 53
38 56
38 57
38 58
38 60
39 40
39 43
39 49
39 50
39 51
39 55
39 56
39 59
39 60
40 43
40 48
40 49
40 51
40 53
40 54
40 57
40 59
40 60
41 43
41 44
41 46
41 50
41 51
41 52
41 54
41 55
41 56
41 57
41 58
41 59
41 60
42 44
42 45
42 47
42 51
42 54
42 55
42 57
42 59
42 60
43 44
43 45
43 46
43 48
43 50
43 51
43 53
43 56
44 46
44 47
44 48
44 52
44 54
44 55
44 56
44 58
45 47
45 50
45 52
45 54
45 58
46 47
46 48
46 49
46 52
46 53
46 54
46 55
46 56
46 57
46 59
46 60
47 48
47 49
47 51
47 52
47 54
47 55
47 57
47 58
47 60
48 49
48 50
48 52
48 54
48 55
48 57
49 51
49 55
49 57
49 59
49 60
50 51
50 52
50 54
50 56
50 57
50 60
51 52
51 54
51 56
51 57
51 59
51 60
52 54
52 55
52 57
52 58
53 55
53 56
53 57
53 58
54 60
55 56
55 60
56 58
57 58
57 59
57 60
58 59
59 60
