1 2
1 5
1 6
1 9
1 10
1 12
1 13
1 16
1 18
1 19
1 25
1 26
1 29
1 31
1 32
1 33
1 36
1 39
1 41
1 42
1 46
1 47
1 49
1 50
1 51
1 52
1 54
1 59
1 60
1 62
1 63
1 64
1 66
1 67
1 68
1 69
1 70
1 71
1 74
1 75
1 76
1 78
1 80
1 88
1 89
1 92
1 93
1 94
1 97
1 100
1 101
1 102
1 105
1 106
1 107
1 108
1 109
1 110
1 111
1 112
1 115
1 116
1 118
1 119
1 120
1 124
1 125
1 126
1 127
1 129
1 130
2 3
2 5
2 6
2 7
2 8
2 10
2 15
2 16
2 17
2 18
2 19
2 23
2 25
2 28
2 29
2 32
2 33
2 35
2 37
2 38
2 39
2 42
2 43
2 46
2 47
2 53
2 56
2 57
2 59
2 63
2 64
2 65
2 66
2 68
2 70
2 75
2 76
2 79
2 81
2 83
2 84
2 86
2 87
2 89
2 91
2 95
2 100
2 102
2 103
2 109
2 114
2 115
2 116
2 117
2 121
2 123
2 125
2 129
2 130
3 4
3 5
3 6
3 9
3 10
3 11
3 14
3 21
3 24
3 25
3 28
3 36
3 37
3 40
3 43
3 44
3 47
3 48
3 50
3 55
3 57
3 58
3 59
3 64
3 66
3 68
3 72
3 73
3 74
3 75
3 76
3 77
3 79
3 80
3 82
3 85
3 87
3 88
3 90
3 91
3 93
3 94
3 96
3 98
3 102
3 104
3 105
3 106
3 109
3 111
3 114
3 117
3 118
3 119
3 123
3 124
3 129
4 6
4 8
4 9
4 11
4 12
4 15
4 17
4 19
4 21
4 25
4 28
4 32
4 33
4 35
4 36
4 37
4 38
4 39
4 40
4 41
4 42
4 44
4 45
4 46
4 47
4 48
4 55
4 57
4 58
4 60
4 62
4 63
4 67
4 68
4 69
4 73
4 74
4 75
4 76
4 78
4 79
4 80
4 81
4 84
4 89
4 94
4 96
4 98
4 99
4 100
4 103
4 106
4 107
4 108
4 109
4 111
4 112
4 116
4 117
4 118
4 119
4 120
4 125
4 126
4 127
4 129
4 130
5 11
5 14
5 18
5 20
5 24
5 25
5 29
5 30
5 34
5 35
5 36
5 39
5 41
5 43
5 44
5 47
5 52
5 53
5 54
5 59
5 61
5 63
5 64
5 65
5 70
5 71
5 72
5 73
5 78
5 80
5 81
5 83
5 84
5 86
5 87
5 88
5 90
5 93
5 94
5 96
5 97
5 107
5 108
5 109
5 111
5 114
5 115
5 116
5 117
5 118
5 119
5 121
5 124
5 126
5 127
5 130
6 7
6 8
6 10
6 12
6 14
6 15
6 19
6 20
6 21
6 22
6 23
6 24
6 26
6 28
6 33
6 35
6 36
6 38
6 39
6 40
6 41
6 43
6 45
6 46
6 48
6 49
6 50
6 53
6 55
6 57
6 60
6 61
6 66
6 68
6 70
6 71
6 72
6 73
6 77
6 82
6 85
6 88
6 93
6 94
6 96
6 97
6 101
6 103
6 106
6 108
6 109
6 111
6 114
6 116
6 118
6 119
6 124
6 127
7 8
7 10
7 11
7 12
7 13
7 16
7 17
7 18
7 21
7 22
7 24
7 27
7 29
7 30
7 31
7 34
7 36
7 38
7 39
7 40
7 44
7 46
7 49
7 51
7 56
7 60
7 62
7 64
7 67
7 68
7 69
7 71
7 72
7 73
7 76
7 77
7 78
7 85
7 86
7 87
7 90
7 91
7 93
7 94
7 95
7 96
7 97
7 98
7 99
7 100
7 101
7 102
7 106
7 107
7 110
7 114
7 116
7 117
7 118
7 120
7 122
7 125
7 126
7 128
8 11
8 12
8 13
8 14
8 22
8 24
8 25
8 30
8 34
8 37
8 39
8 40
8 41
8 42
8 44
8 45
8 47
8 48
8 49
8 50
8 51
8 52
8 53
8 55
8 57
8 58
8 63
8 64
8 65
8 66
8 68
8 69
8 71
8 72
8 73
8 76
8 78
8 79
8 82
8 83
8 84
8 87
8 88
8 89
8 90
8 91
8 94
8 95
8 97
8 98
8 99
8 101
8 102
8 103
8 104
8 106
8 109
8 110
8 111
8 112
8 113
8 114
8 115
8 118
8 119
8 123
8 125
8 128
8 130
9 13
9 14
9 15
9 17
9 18
9 19
9 20
9 22
9 25
9 27
9 28
9 31
9 34
9 35
9 41
9 42
9 44
9 46
9 47
9 50
9 51
9 55
9 57
9 59
9 61
9 62
9 63
9 64
9 66
9 67
9 68
9 70
9 77
9 79
9 80
9 82
9 86
9 90
9 91
9 92
9 95
9 97
9 98
9 99
9 100
9 101
9 103
9 105
9 106
9 108
9 109
9 113
9 114
9 115
9 116
9 118
9 119
9 120
9 121
9 122
9 123
9 125
9 129
10 11
10 12
10 14
10 17
10 22
10 25
10 30
10 31
10 35
10 36
10 37
10 40
10 42
10 43
10 46
10 47
10 51
10 56
10 58
10 59
10 60
10 61
10 64
10 66
10 67
10 68
10 69
10 75
10 76
10 77
10 78
10 79
10 81
10 82
10 86
10 89
10 91
10 94
10 96
10 98
10 99
10 101
10 102
10 103
10 109
10 110
10 111
10 117
10 118
10 120
10 123
10 125
10 129
11 12
11 13
11 17
11 18
11 19
11 20
11 21
11 22
11 23
11 24
11 25
11 26
11 29
11 33
11 35
11 36
11 37
11 39
11 43
11 45
11 47
11 50
11 53
11 55
11 58
11 59
11 62
11 65
11 66
11 70
11 76
11 77
11 78
11 79
11 80
11 81
11 84
11 85
11 88
11 89
11 91
11 98
11 99
11 101
11 103
11 108
11 112
11 113
11 115
11 118
11 119
11 120
11 123
11 124
11 126
11 128
11 130
12 13
12 15
12 17
12 18
12 20
12 21
12 22
12 25
12 27
12 28
12 30
12 32
12 35
12 38
12 39
12 41
12 42
12 44
12 46
12 51
12 53
12 54
12 55
12 56
12 57
12 58
12 62
12 65
12 66
12 67
12 69
12 75
12 77
12 82
12 84
12 86
12 87
12 88
12 89
12 90
12 93
12 95
12 96
12 98
12 100
12 101
12 102
12 105
12 106
12 116
12 118
12 120
12 121
12 122
12 123
12 125
12 130
13 18
13 20
13 23
13 24
13 25
13 26
13 28
13 30
13 33
13 38
13 39
13 41
13 42
13 44
13 45
13 49
13 51
13 52
13 53
13 54
13 62
13 64
13 65
13 67
13 68
13 69
13 70
13 73
13 74
13 75
13 76
13 77
13 78
13 79
13 82
13 83
13 85
13 86
13 88
13 91
13 93
13 94
13 96
13 98
13 99
13 100
13 104
13 106
13 108
13 111
13 113
13 114
13 118
13 121
13 122
13 124
13 128
13 130
14 16
14 18
14 19
14 20
14 22
14 23
14 27
14 36
14 40
14 41
14 44
14 48
14 50
14 51
14 53
14 57
14 58
14 60
14 67
14 69
14 70
14 72
14 74
14 75
14 82
14 83
14 86
14 87
14 88
14 89
14 91
14 93
14 96
14 100
14 102
14 103
14 106
14 110
14 111
14 113
14 115
14 117
14 118
14 120
14 125
14 129
15 16
15 17
15 21
15 22
15 23
15 26
15 27
15 28
15 35
15 40
15 41
15 42
15 44
15 46
15 47
15 48
15 49
15 54
15 57
15 63
15 68
15 71
15 73
15 74
15 75
15 76
15 77
15 81
15 83
15 84
15 85
15 87
15 88
15 89
15 92
15 97
15 98
15 104
15 107
15 108
15 109
15 112
15 117
15 120
15 121
15 122
15 124
15 126
15 129
16 17
16 18
16 21
16 23
16 24
16 27
16 28
16 29
16 30
16 31
16 32
16 36
16 38
16 39
16 41
16 45
16 46
16 51
16 52
16 56
16 57
16 58
16 60
16 64
16 70
16 72
16 73
16 78
16 80
16 81
16 82
16 83
16 86
16 91
16 92
16 93
16 96
16 97
16 98
16 99
16 100
16 102
16 106
16 108
16 113
16 115
16 116
16 117
16 118
16 119
16 123
16 124
16 127
16 129
16 130
17 22
17 23
17 24
17 35
17 36
17 37
17 39
17 40
17 41
17 42
17 43
17 44
17 45
17 46
17 51
17 52
17 54
17 60
17 61
17 62
17 64
17 65
17 67
17 74
17 75
17 76
17 78
17 79
17 83
17 86
17 91
17 92
17 94
17 95
17 96
17 97
17 101
17 102
17 103
17 104
17 105
17 106
17 107
17 108
17 109
17 110
17 112
17 113
17 114
17 115
17 116
17 119
17 121
17 122
17 123
17 125
17 129
18 24
18 25
18 26
18 27
18 28
18 29
18 30
18 32
18 35
18 36
18 39
18 40
18 42
18 44
18 45
18 46
18 48
18 50
18 51
18 55
18 56
18 60
18 61
18 62
18 67
18 69
18 73
18 77
18 78
18 80
18 81
18 82
18 83
18 84
18 85
18 88
18 89
18 91
18 92
18 93
18 94
18 97
18 98
18 101
18 103
18 104
18 107
18 111
18 113
18 114
18 115
18 117
18 121
18 123
18 125
18 126
18 129
18 130
19 20
19 22
19 24
19 26
19 29
19 30
19 31
19 32
19 35
19 36
19 37
19 39
19 40
19 42
19 43
19 44
19 45
19 46
19 48
19 49
19 50
19 52
19 54
19 55
19 56
19 59
19 60
19 64
19 65
19 66
19 69
19 70
19 71
19 72
19 74
19 75
19 77
19 79
19 84
19 85
19 86
19 90
19 92
19 94
19 97
19 98
19 103
19 105
19 106
19 107
19 111
19 113
19 115
19 118
19 119
19 120
19 121
19 122
19 124
20 21
20 22
20 23
20 24
20 27
20 28
20 29
20 31
20 33
20 34
20 38
20 40
20 42
20 44
20 45
20 46
20 47
20 49
20 50
20 52
20 54
20 55
20 56
20 57
20 59
20 61
20 62
20 65
20 66
20 67
20 68
20 69
20 70
20 71
20 75
20 78
20 81
20 84
20 85
20 86
20 88
20 92
20 93
20 96
20 97
20 98
20 100
20 101
20 103
20 104
20 107
20 108
20 109
20 111
20 113
20 115
20 116
20 117
20 120
20 123
20 124
20 126
20 130
21 26
21 32
21 34
21 35
21 36
21 37
21 40
21 42
21 43
21 48
21 50
21 52
21 53
21 55
21 60
21 63
21 64
21 65
21 66
21 69
21 73
21 76
21 77
21 78
21 79
21 80
21 82
21 83
21 84
21 85
21 86
21 88
21 90
21 91
21 94
21 96
21 99
21 100
21 102
21 103
21 105
21 106
21 108
21 110
21 112
21 118
21 120
21 122
21 125
21 126
21 127
21 129
22 23
22 24
22 30
22 31
22 32
22 33
22 34
22 35
22 39
22 41
22 48
22 50
22 51
22 54
22 55
22 57
22 60
22 61
22 62
22 63
22 65
22 67
22 68
22 69
22 72
22 73
22 78
22 79
22 82
22 83
22 84
22 85
22 88
22 90
22 91
22 93
22 94
22 95
22 96
22 100
22 103
22 104
22 105
22 106
22 107
22 112
22 113
22 114
22 116
22 117
22 119
22 123
22 125
22 126
22 128
22 129
23 24
23 25
23 26
23 27
23 30
23 31
23 36
23 39
23 40
23 41
23 44
23 57
23 58
23 64
23 67
23 69
23 71
23 72
23 73
23 74
23 75
23 77
23 78
23 80
23 81
23 82
23 85
23 86
23 95
23 105
23 106
23 108
23 109
23 114
23 120
23 121
23 124
23 128
24 26
24 29
24 32
24 36
24 37
24 38
24 39
24 45
24 46
24 47
24 48
24 49
24 51
24 52
24 54
24 56
24 57
24 59
24 60
24 62
24 63
24 64
24 67
24 68
24 71
24 73
24 74
24 75
24 76
24 77
24 79
24 82
24 88
24 90
24 91
24 92
24 93
24 95
24 97
24 99
24 105
24 106
24 107
24 108
24 109
24 110
24 111
24 112
24 114
24 116
24 117
24 120
24 121
24 125
24 126
24 127
24 128
24 130
25 27
25 28
25 29
25 31
25 32
25 33
25 34
25 35
25 36
25 37
25 38
25 39
25 40
25 41
25 44
25 45
25 46
25 49
25 51
25 52
25 53
25 55
25 57
25 62
25 65
25 67
25 68
25 71
25 72
25 73
25 74
25 75
25 76
25 78
25 79
25 80
25 82
25 85
25 86
25 89
25 90
25 94
25 95
25 101
25 102
25 103
25 106
25 107
25 108
25 110
25 111
25 113
25 115
25 119
25 122
25 125
25 130
26 27
26 28
26 29
26 30
26 31
26 33
26 34
26 36
26 37
26 42
26 43
26 45
26 48
26 49
26 50
26 54
26 56
26 58
26 59
26 63
26 64
26 66
26 69
26 71
26 72
26 76
26 78
26 79
26 80
26 81
26 88
26 89
26 90
26 92
26 94
26 96
26 97
26 98
26 99
26 100
26 102
26 104
26 107
26 110
26 112
26 115
26 117
26 119
26 120
26 121
26 123
26 124
26 127
26 128
26 129
26 130
27 29
27 37
27 39
27 40
27 44
27 47
27 49
27 51
27 52
27 53
27 55
27 56
27 58
27 59
27 60
27 64
27 66
27 68
27 72
27 75
27 76
27 77
27 78
27 80
27 82
27 83
27 88
27 89
27 91
27 92
27 94
27 95
27 97
27 98
27 100
27 101
27 102
27 103
27 106
27 109
27 113
27 115
27 116
27 117
27 119
27 120
27 123
27 124
27 125
27 127
27 130
28 30
28 32
28 35
28 39
28 41
28 44
28 45
28 46
28 47
28 48
28 50
28 51
28 52
28 53
28 54
28 55
28 58
28 59
28 61
28 64
28 65
28 68
28 69
28 71
28 74
28 75
28 77
28 78
28 79
28 80
28 82
28 83
28 84
28 86
28 87
28 89
28 92
28 95
28 96
28 100
28 101
28 102
28 103
28 104
28 106
28 107
28 108
28 109
28 112
28 113
28 115
28 116
28 117
28 119
28 122
28 123
28 127
28 128
28 130
29 33
29 37
29 38
29 39
29 42
29 43
29 44
29 45
29 50
29 53
29 55
29 57
29 59
29 60
29 61
29 62
29 63
29 64
29 65
29 67
29 68
29 69
29 70
29 71
29 75
29 76
29 77
29 79
29 83
29 85
29 88
29 89
29 95
29 100
29 101
29 102
29 104
29 105
29 106
29 107
29 108
29 109
29 110
29 112
29 113
29 114
29 115
29 116
29 117
29 119
29 121
29 122
29 123
29 124
29 126
29 129
29 130
30 31
30 32
30 36
30 37
30 43
30 44
30 45
30 47
30 51
30 52
30 56
30 59
30 60
30 61
30 64
30 65
30 66
30 67
30 69
30 70
30 71
30 72
30 73
30 74
30 76
30 77
30 78
30 83
30 84
30 85
30 86
30 87
30 88
30 90
30 91
30 97
30 99
30 100
30 101
30 102
30 104
30 105
30 106
30 107
30 116
30 118
30 119
30 120
30 121
30 123
30 125
30 126
30 127
30 129
30 130
31 32
31 33
31 35
31 36
31 40
31 41
31 42
31 43
31 45
31 46
31 47
31 51
31 52
31 55
31 61
31 62
31 63
31 64
31 69
31 71
31 72
31 74
31 78
31 79
31 81
31 82
31 85
31 88
31 89
31 94
31 95
31 98
31 99
31 100
31 102
31 103
31 104
31 106
31 107
31 108
31 110
31 111
31 113
31 117
31 119
31 122
31 124
31 125
31 127
32 34
32 36
32 37
32 38
32 39
32 40
32 41
32 42
32 43
32 49
32 52
32 54
32 56
32 57
32 60
32 63
32 66
32 68
32 70
32 71
32 75
32 77
32 78
32 79
32 80
32 81
32 82
32 85
32 86
32 88
32 90
32 91
32 92
32 93
32 95
32 97
32 99
32 105
32 106
32 108
32 111
32 112
32 114
32 115
32 118
32 122
32 125
32 128
32 130
33 34
33 37
33 40
33 44
33 45
33 46
33 47
33 48
33 50
33 52
33 53
33 54
33 55
33 57
33 58
33 59
33 60
33 62
33 66
33 69
33 70
33 71
33 72
33 73
33 75
33 77
33 78
33 79
33 80
33 81
33 82
33 84
33 86
33 87
33 90
33 93
33 97
33 99
33 102
33 103
33 106
33 107
33 109
33 110
33 114
33 115
33 117
33 121
33 123
33 124
33 127
33 130
34 36
34 38
34 43
34 44
34 45
34 47
34 49
34 51
34 54
34 60
34 61
34 63
34 64
34 66
34 67
34 69
34 71
34 72
34 73
34 75
34 76
34 78
34 80
34 84
34 86
34 89
34 90
34 92
34 94
34 95
34 96
34 97
34 100
34 104
34 105
34 107
34 108
34 109
34 111
34 115
34 117
34 119
34 121
34 122
34 125
34 126
34 128
34 130
35 38
35 40
35 41
35 42
35 43
35 45
35 47
35 49
35 51
35 52
35 57
35 58
35 59
35 62
35 64
35 67
35 68
35 69
35 70
35 71
35 73
35 74
35 76
35 79
35 80
35 81
35 82
35 83
35 84
35 88
35 90
35 92
35 94
35 96
35 97
35 99
35 103
35 106
35 111
35 113
35 114
35 118
35 120
35 123
35 124
35 125
35 126
35 128
35 129
36 38
36 39
36 41
36 43
36 45
36 48
36 51
36 53
36 54
36 55
36 57
36 58
36 60
36 63
36 64
36 65
36 68
36 69
36 71
36 77
36 83
36 84
36 91
36 93
36 95
36 96
36 98
36 101
36 102
36 107
36 108
36 109
36 111
36 114
36 115
36 116
36 117
36 119
36 120
36 121
36 123
36 124
36 126
36 127
36 129
37 38
37 39
37 40
37 41
37 44
37 45
37 47
37 48
37 50
37 51
37 53
37 56
37 57
37 59
37 60
37 61
37 62
37 65
37 68
37 69
37 70
37 71
37 75
37 76
37 78
37 80
37 81
37 82
37 86
37 89
37 90
37 91
37 93
37 97
37 102
37 104
37 106
37 107
37 110
37 111
37 112
37 113
37 115
37 119
37 121
37 122
37 123
37 126
37 128
37 129
37 130
38 40
38 42
38 45
38 46
38 48
38 49
38 53
38 54
38 55
38 59
38 60
38 64
38 65
38 66
38 67
38 71
38 72
38 74
38 77
38 78
38 79
38 80
38 82
38 83
38 86
38 87
38 88
38 89
38 90
38 91
38 92
38 93
38 94
38 96
38 98
38 99
38 101
38 116
38 117
38 118
38 120
38 121
38 122
38 123
38 125
38 126
38 127
38 128
38 129
39 42
39 43
39 46
39 47
39 48
39 56
39 57
39 58
39 59
39 64
39 65
39 66
39 67
39 68
39 71
39 72
39 73
39 74
39 75
39 76
39 77
39 79
39 80
39 83
39 84
39 85
39 91
39 94
39 95
39 96
39 98
39 100
39 101
39 102
39 103
39 107
39 109
39 110
39 113
39 116
39 118
39 119
39 120
39 121
39 123
39 124
39 125
39 130
40 45
40 47
40 48
40 49
40 51
40 52
40 55
40 56
40 57
40 59
40 60
40 61
40 62
40 63
40 64
40 66
40 71
40 72
40 73
40 74
40 76
40 77
40 78
40 79
40 84
40 85
40 87
40 88
40 89
40 91
40 92
40 94
40 95
40 96
40 100
40 104
40 109
40 110
40 111
40 114
40 125
40 127
40 129
41 44
41 48
41 49
41 51
41 52
41 54
41 55
41 56
41 57
41 59
41 60
41 61
41 63
41 64
41 68
41 69
41 72
41 73
41 75
41 77
41 78
41 81
41 84
41 85
41 90
41 91
41 92
41 93
41 94
41 96
41 97
41 98
41 100
41 102
41 107
41 110
41 111
41 115
41 117
41 118
41 119
41 121
41 129
42 44
42 50
42 51
42 52
42 54
42 60
42 61
42 64
42 67
42 70
42 71
42 73
42 74
42 76
42 77
42 78
42 80
42 84
42 87
42 95
42 96
42 97
42 101
42 104
42 105
42 106
42 108
42 109
42 110
42 111
42 112
42 113
42 114
42 115
42 119
42 127
42 128
42 129
42 130
43 45
43 46
43 53
43 54
43 55
43 61
43 63
43 66
43 68
43 69
43 71
43 73
43 75
43 77
43 78
43 79
43 80
43 82
43 83
43 85
43 86
43 88
43 90
43 93
43 94
43 96
43 98
43 100
43 101
43 102
43 103
43 104
43 107
43 110
43 111
43 113
43 114
43 115
43 116
43 117
43 118
43 122
43 123
43 127
43 129
43 130
44 45
44 50
44 51
44 53
44 54
44 55
44 56
44 58
44 62
44 64
44 66
44 72
44 74
44 79
44 80
44 81
44 82
44 83
44 84
44 85
44 86
44 87
44 88
44 89
44 92
44 94
44 95
44 96
44 100
44 102
44 105
44 107
44 108
44 111
44 113
44 116
44 117
44 121
44 122
44 123
44 124
44 125
44 126
44 127
44 128
45 47
45 48
45 49
45 52
45 53
45 62
45 63
45 66
45 69
45 70
45 71
45 73
45 75
45 76
45 77
45 81
45 87
45 88
45 90
45 91
45 92
45 94
45 95
45 96
45 97
45 98
45 102
45 103
45 104
45 107
45 108
45 112
45 114
45 115
45 117
45 118
45 119
45 125
45 129
45 130
46 47
46 48
46 49
46 50
46 51
46 52
46 53
46 55
46 56
46 57
46 58
46 65
46 66
46 67
46 68
46 69
46 70
46 72
46 74
46 75
46 76
46 77
46 79
46 82
46 86
46 87
46 88
46 89
46 90
46 94
46 95
46 99
46 100
46 105
46 107
46 109
46 113
46 116
46 118
46 120
46 126
46 127
46 128
46 129
47 50
47 52
47 53
47 54
47 56
47 57
47 63
47 69
47 73
47 74
47 76
47 77
47 80
47 82
47 84
47 85
47 87
47 89
47 90
47 92
47 94
47 96
47 103
47 104
47 105
47 110
47 112
47 113
47 115
47 117
47 120
47 122
47 123
47 124
47 125
48 49
48 52
48 56
48 57
48 59
48 60
48 61
48 62
48 63
48 67
48 69
48 70
48 71
48 73
48 74
48 75
48 76
48 77
48 79
48 81
48 82
48 86
48 93
48 95
48 96
48 97
48 98
48 99
48 102
48 104
48 105
48 106
48 107
48 120
48 121
48 122
48 124
48 126
48 129
48 130
49 51
49 52
49 53
49 54
49 56
49 60
49 64
49 66
49 68
49 69
49 70
49 71
49 72
49 77
49 78
49 79
49 80
49 81
49 82
49 83
49 84
49 85
49 89
49 90
49 91
49 93
49 96
49 97
49 98
49 99
49 100
49 101
49 102
49 103
49 104
49 106
49 108
49 110
49 111
49 112
49 114
49 115
49 117
49 118
49 119
49 122
49 124
49 126
49 127
50 51
50 52
50 53
50 55
50 56
50 58
50 59
50 60
50 61
50 62
50 63
50 70
50 71
50 73
50 74
50 75
50 76
50 77
50 78
50 79
50 80
50 82
50 84
50 85
50 86
50 88
50 89
50 90
50 91
50 93
50 95
50 96
50 98
50 99
50 101
50 102
50 104
50 105
50 108
50 110
50 111
50 114
50 115
50 116
50 117
50 120
50 122
50 124
50 125
50 126
50 127
50 128
50 130
51 53
51 54
51 55
51 56
51 57
51 58
51 59
51 60
51 64
51 67
51 68
51 71
51 73
51 74
51 75
51 76
51 77
51 78
51 79
51 80
51 82
51 84
51 85
51 87
51 93
51 95
51 96
51 97
51 99
51 103
51 105
51 108
51 109
51 110
51 112
51 114
51 116
51 117
51 118
51 122
51 124
51 125
51 126
51 128
51 130
52 53
52 56
52 57
52 58
52 66
52 68
52 69
52 70
52 71
52 74
52 75
52 79
52 80
52 83
52 86
52 88
52 89
52 92
52 96
52 98
52 100
52 101
52 106
52 107
52 108
52 109
52 111
52 112
52 116
52 117
52 121
52 122
52 123
52 124
52 126
52 128
52 129
52 130
53 54
53 55
53 57
53 58
53 59
53 62
53 63
53 69
53 72
53 76
53 78
53 81
53 85
53 88
53 89
53 90
53 93
53 95
53 98
53 104
53 109
53 110
53 111
53 114
53 115
53 116
53 120
53 121
53 124
53 125
53 128
53 130
54 55
54 56
54 57
54 58
54 59
54 62
54 63
54 66
54 71
54 72
54 73
54 74
54 76
54 77
54 79
54 81
54 83
54 85
54 86
54 87
54 88
54 89
54 93
54 94
54 95
54 97
54 99
54 101
54 106
54 108
54 110
54 111
54 114
54 116
54 118
54 119
54 123
54 125
54 130
55 59
55 60
55 66
55 68
55 69
55 70
55 72
55 75
55 76
55 77
55 79
55 80
55 81
55 84
55 88
55 92
55 93
55 94
55 96
55 97
55 99
55 101
55 104
55 106
55 107
55 112
55 114
55 117
55 118
55 120
55 121
55 122
55 123
55 125
55 127
55 128
55 129
56 57
56 58
56 60
56 63
56 65
56 68
56 70
56 71
56 72
56 75
56 78
56 82
56 86
56 88
56 90
56 92
56 95
56 96
56 97
56 100
56 105
56 106
56 107
56 110
56 113
56 114
56 118
56 121
56 123
56 127
56 129
56 130
57 58
57 59
57 60
57 61
57 67
57 69
57 72
57 74
57 76
57 80
57 81
57 85
57 86
57 87
57 89
57 90
57 91
57 94
57 96
57 98
57 102
57 104
57 111
57 112
57 113
57 118
57 119
57 121
57 122
57 127
57 129
57 130
58 60
58 61
58 62
58 63
58 64
58 65
58 67
58 68
58 70
58 73
58 74
58 77
58 80
58 82
58 83
58 84
58 85
58 88
58 93
58 94
58 95
58 97
58 98
58 99
58 100
58 101
58 102
58 107
58 112
58 114
58 116
58 120
58 122
58 124
58 125
58 126
58 127
59 60
59 62
59 63
59 64
59 67
59 69
59 72
59 75
59 77
59 79
59 80
59 82
59 85
59 86
59 92
59 93
59 95
59 96
59 98
59 99
59 101
59 105
59 106
59 109
59 113
59 118
59 122
59 123
59 125
59 127
59 129
60 62
60 63
60 64
60 66
60 68
60 70
60 74
60 75
60 77
60 78
60 84
60 85
60 86
60 87
60 88
60 89
60 91
60 92
60 93
60 95
60 96
60 97
60 100
60 102
60 104
60 107
60 108
60 110
60 111
60 112
60 114
60 115
60 116
60 117
60 118
60 119
60 120
60 122
60 123
60 127
61 62
61 63
61 67
61 68
61 70
61 73
61 74
61 79
61 81
61 87
61 89
61 91
61 93
61 94
61 95
61 96
61 101
61 103
61 104
61 108
61 113
61 117
61 121
61 122
61 124
61 125
61 127
61 130
62 63
62 65
62 69
62 73
62 76
62 78
62 79
62 82
62 83
62 88
62 90
62 94
62 99
62 100
62 104
62 105
62 107
62 109
62 111
62 113
62 114
62 116
62 117
62 118
62 126
62 127
62 128
63 64
63 65
63 67
63 69
63 75
63 77
63 79
63 80
63 83
63 85
63 87
63 89
63 92
63 93
63 94
63 95
63 96
63 97
63 98
63 99
63 100
63 101
63 103
63 106
63 108
63 109
63 110
63 111
63 115
63 116
63 120
63 121
63 123
63 126
63 128
63 129
63 130
64 65
64 66
64 70
64 80
64 81
64 82
64 85
64 86
64 87
64 88
64 89
64 90
64 91
64 92
64 93
64 94
64 95
64 98
64 100
64 101
64 102
64 104
64 106
64 107
64 109
64 110
64 111
64 114
64 115
64 119
64 120
64 123
64 124
64 125
64 127
64 130
65 66
65 67
65 70
65 71
65 72
65 74
65 77
65 78
65 81
65 86
65 90
65 92
65 94
65 95
65 96
65 97
65 98
65 99
65 100
65 101
65 103
65 104
65 105
65 106
65 108
65 110
65 111
65 112
65 115
65 120
65 122
65 123
65 124
65 128
65 129
66 67
66 68
66 70
66 75
66 76
66 77
66 79
66 81
66 84
66 85
66 87
66 89
66 90
66 92
66 93
66 94
66 95
66 98
66 99
66 103
66 104
66 105
66 110
66 113
66 117
66 118
66 119
66 122
66 125
66 127
66 130
67 68
67 69
67 70
67 78
67 79
67 81
67 86
67 87
67 88
67 89
67 90
67 93
67 94
67 96
67 97
67 102
67 104
67 105
67 106
67 108
67 110
67 114
67 115
67 117
67 124
67 125
67 128
67 130
68 69
68 70
68 72
68 73
68 74
68 76
68 78
68 79
68 80
68 81
68 82
68 85
68 86
68 87
68 88
68 89
68 90
68 91
68 92
68 93
68 94
68 95
68 96
68 102
68 103
68 104
68 105
68 106
68 108
68 111
68 112
68 113
68 116
68 117
68 127
69 70
69 71
69 72
69 73
69 74
69 75
69 77
69 78
69 79
69 80
69 81
69 82
69 85
69 86
69 89
69 91
69 92
69 93
69 94
69 97
69 99
69 101
69 102
69 104
69 106
69 110
69 115
69 117
69 120
69 123
69 130
70 71
70 72
70 73
70 74
70 76
70 79
70 80
70 82
70 83
70 85
70 86
70 88
70 92
70 94
70 95
70 96
70 98
70 99
70 103
70 108
70 110
70 111
70 113
70 114
70 115
70 116
70 121
70 123
70 128
70 129
70 130
71 77
71 82
71 90
71 91
71 92
71 94
71 95
71 96
71 97
71 98
71 103
71 109
71 114
71 115
71 117
71 119
71 121
71 122
71 123
71 125
72 73
72 74
72 75
72 77
72 79
72 81
72 82
72 84
72 86
72 90
72 91
72 92
72 94
72 95
72 96
72 97
72 98
72 99
72 102
72 103
72 104
72 105
72 106
72 107
72 108
72 113
72 115
72 117
72 119
72 120
72 122
72 124
72 128
72 129
72 130
73 74
73 76
73 77
73 81
73 83
73 88
73 90
73 91
73 93
73 95
73 98
73 99
73 101
73 103
73 104
73 105
73 106
73 108
73 110
73 111
73 112
73 113
73 114
73 115
73 118
73 119
73 121
73 124
73 125
73 126
73 127
73 129
73 130
74 76
74 77
74 78
74 79
74 82
74 83
74 85
74 86
74 89
74 91
74 95
74 99
74 106
74 107
74 108
74 109
74 116
74 117
74 120
74 121
74 123
74 124
74 125
74 127
74 129
75 77
75 80
75 82
75 85
75 86
75 87
75 89
75 92
75 93
75 97
75 99
75 100
75 101
75 103
75 106
75 107
75 115
75 116
75 118
75 120
75 121
75 123
75 124
75 125
75 126
75 127
75 129
75 130
76 77
76 83
76 84
76 87
76 89
76 92
76 93
76 94
76 101
76 104
76 108
76 116
76 117
76 118
76 119
76 120
76 124
76 127
77 78
77 79
77 80
77 81
77 84
77 87
77 89
77 92
77 93
77 95
77 96
77 97
77 98
77 99
77 100
77 101
77 103
77 105
77 107
77 110
77 113
77 116
77 117
77 118
77 119
77 121
77 125
77 126
77 128
77 130
78 80
78 84
78 85
78 86
78 87
78 88
78 90
78 92
78 93
78 95
78 96
78 99
78 101
78 102
78 103
78 104
78 105
78 106
78 108
78 110
78 111
78 115
78 117
78 119
78 121
78 122
78 124
78 125
78 127
78 128
78 129
79 80
79 82
79 89
79 93
79 94
79 95
79 99
79 100
79 101
79 102
79 103
79 104
79 106
79 110
79 113
79 115
79 117
79 118
79 120
79 123
79 124
79 127
79 128
79 129
80 82
80 83
80 84
80 86
80 90
80 91
80 94
80 96
80 99
80 100
80 103
80 105
80 106
80 107
80 108
80 110
80 114
80 115
80 116
80 121
80 122
80 124
80 126
80 130
81 82
81 83
81 90
81 92
81 93
81 97
81 98
81 100
81 103
81 104
81 105
81 107
81 108
81 110
81 112
81 114
81 116
81 117
81 118
81 120
81 121
81 123
81 125
81 127
81 130
82 84
82 86
82 87
82 91
82 94
82 97
82 99
82 100
82 101
82 103
82 106
82 107
82 108
82 111
82 113
82 115
82 116
82 119
82 120
82 123
82 125
82 129
83 85
83 87
83 89
83 97
83 98
83 99
83 104
83 106
83 108
83 109
83 112
83 113
83 115
83 118
83 120
83 122
83 123
83 124
83 127
83 128
83 129
84 87
84 88
84 90
84 91
84 92
84 93
84 95
84 97
84 98
84 99
84 100
84 105
84 109
84 110
84 112
84 113
84 114
84 115
84 116
84 117
84 118
84 122
84 125
84 127
84 129
85 87
85 88
85 91
85 92
85 94
85 97
85 98
85 101
85 103
85 104
85 106
85 108
85 111
85 113
85 119
85 120
85 121
85 126
85 129
85 130
86 87
86 88
86 89
86 91
86 92
86 93
86 94
86 95
86 100
86 101
86 102
86 103
86 106
86 107
86 113
86 114
86 116
86 119
86 123
86 126
86 127
86 129
86 130
87 88
87 89
87 90
87 94
87 95
87 97
87 98
87 99
87 100
87 101
87 103
87 104
87 105
87 107
87 108
87 109
87 110
87 113
87 114
87 116
87 119
87 120
87 122
87 124
87 125
87 129
87 130
88 92
88 93
88 94
88 95
88 97
88 100
88 101
88 102
88 104
88 105
88 107
88 108
88 111
88 114
88 116
88 118
88 119
88 121
88 128
88 130
89 91
89 95
89 97
89 98
89 99
89 102
89 105
89 106
89 107
89 108
89 110
89 111
89 114
89 116
89 119
89 120
89 122
89 123
89 125
89 126
89 130
90 91
90 92
90 93
90 94
90 101
90 103
90 104
90 105
90 106
90 108
90 109
90 112
90 115
90 117
90 118
90 119
90 120
90 121
90 122
90 124
90 128
91 92
91 93
91 99
91 102
91 103
91 104
91 108
91 110
91 111
91 112
91 114
91 116
91 117
91 118
91 119
91 127
91 128
91 130
92 95
92 99
92 101
92 103
92 104
92 105
92 106
92 109
92 111
92 112
92 113
92 114
92 115
92 116
92 117
92 119
92 121
92 124
92 125
92 129
92 130
93 94
93 97
93 98
93 99
93 100
93 101
93 103
93 104
93 105
93 106
93 111
93 112
93 113
93 115
93 117
93 119
93 121
93 125
93 128
94 95
94 96
94 99
94 104
94 108
94 109
94 111
94 114
94 116
94 117
94 118
94 120
94 121
94 125
94 127
94 128
94 129
95 97
95 98
95 99
95 101
95 104
95 107
95 109
95 110
95 114
95 118
95 119
95 121
95 122
95 123
95 124
95 127
95 128
96 97
96 98
96 99
96 100
96 102
96 104
96 111
96 113
96 115
96 117
96 119
96 120
96 121
96 122
96 124
96 125
96 126
96 130
97 98
97 99
97 100
97 102
97 103
97 105
97 108
97 109
97 110
97 111
97 112
97 113
97 115
97 116
97 117
97 118
97 119
97 121
97 124
97 127
97 128
98 99
98 101
98 103
98 104
98 105
98 106
98 108
98 109
98 111
98 115
98 116
98 117
98 118
98 119
98 121
98 122
98 123
98 126
98 128
98 129
99 100
99 102
99 104
99 105
99 111
99 114
99 116
99 117
99 118
99 120
99 121
99 126
99 127
99 129
99 130
100 101
100 102
100 103
100 104
100 105
100 110
100 115
100 116
100 119
100 123
100 124
100 126
100 128
100 129
100 130
101 102
101 104
101 109
101 110
101 111
101 112
101 115
101 116
101 117
101 118
101 119
101 120
101 121
101 123
101 124
101 125
101 126
101 127
101 129
102 103
102 104
102 105
102 108
102 110
102 112
102 115
102 117
102 118
102 119
102 120
102 124
102 125
102 126
102 128
102 130
103 104
103 106
103 110
103 111
103 114
103 115
103 116
103 117
103 119
103 122
103 124
104 106
104 107
104 120
104 122
104 123
104 127
105 108
105 111
105 112
105 114
105 121
105 124
105 125
105 126
105 127
105 130
106 108
106 109
106 111
106 112
106 114
106 115
106 116
106 122
106 124
106 125
107 109
107 110
107 111
107 113
107 114
107 118
107 119
107 120
107 122
107 124
107 126
107 128
107 129
107 130
108 110
108 112
108 113
108 114
108 116
108 117
108 120
108 121
108 122
108 123
108 124
108 125
108 127
108 128
108 130
109 110
109 113
109 114
109 115
109 116
109 117
109 122
109 123
109 125
109 127
109 128
109 129
110 111
110 117
110 118
110 121
110 124
110 126
111 112
111 113
111 115
111 116
111 118
111 120
111 124
111 127
111 129
112 113
112 117
112 118
112 121
112 125
112 126
112 127
112 128
113 114
113 116
113 118
113 120
113 124
113 125
113 129
113 130
114 115
114 119
114 121
114 123
114 124
114 126
114 130
115 116
115 117
115 118
115 120
115 121
115 122
115 123
115 127
115 128
115 129
116 117
116 118
116 127
117 118
117 122
117 123
117 124
117 127
117 128
117 130
118 121
118 122
118 123
118 126
118 128
118 129
118 130
119 120
119 121
119 123
119 125
119 127
119 128
119 129
119 130
120 121
120 122
120 123
120 128
120 130
121 123
121 124
121 127
121 130
122 124
122 126
122 128
122 129
123 124
123 125
123 127
123 128
123 129
123 130
124 125
124 126
124 127
124 130
125 126
125 127
125 129
125 130
126 128
126 130
127 130
128 129
129 130
