1 2
1 3
1 4
1 6
1 9
1 10
1 11
1 12
1 15
1 16
1 20
1 21
1 24
1 25
1 30
1 34
1 35
1 37
1 38
1 39
1 44
1 45
1 46
1 47
1 48
1 50
2 5
2 7
2 10
2 11
2 12
2 13
2 14
2 17
2 18
2 23
2 25
2 27
2 34
2 37
2 38
2 40
2 43
2 44
2 45
2 46
2 47
2 49
2 50
3 4
3 5
3 8
3 10
3 11
3 16
3 17
3 18
3 20
3 21
3 25
3 27
3 29
3 30
3 31
3 32
3 36
3 37
3 40
3 42
3 43
3 45
3 50
4 5
4 6
4 8
4 11
4 12
4 14
4 15
4 16
4 17
4 18
4 20
4 22
4 24
4 25
4 26
4 27
4 28
4 30
4 31
4 32
4 33
4 36
4 37
4 38
4 39
4 40
4 43
4 44
4 45
4 46
4 47
4 49
5 6
5 9
5 10
5 11
5 12
5 13
5 18
5 20
5 22
5 28
5 31
5 33
5 34
5 35
5 36
5 39
5 41
5 45
5 46
6 9
6 12
6 14
6 21
6 23
6 26
6 27
6 29
6 30
6 31
6 32
6 33
6 34
6 35
6 36
6 38
6 39
6 42
6 43
6 46
6 47
6 48
6 49
7 10
7 11
7 12
7 13
7 14
7 18
7 19
7 20
7 21
7 23
7 24
7 25
7 27
7 28
7 29
7 30
7 33
7 34
7 35
7 36
7 39
7 42
7 43
7 45
7 46
7 47
7 49
8 9
8 12
8 13
8 14
8 20
8 22
8 25
8 28
8 29
8 30
8 32
8 33
8 34
8 35
8 37
8 38
8 39
8 43
8 47
8 49
8 50
9 10
9 11
9 13
9 16
9 17
9 18
9 19
9 20
9 22
9 23
9 25
9 26
9 28
9 30
9 34
9 35
9 38
9 39
9 40
9 41
9 42
9 44
10 12
10 15
10 19
10 21
10 23
10 24
10 25
10 26
10 28
10 30
10 31
10 34
10 37
10 39
10 42
10 45
10 46
10 50
11 12
11 13
11 16
11 18
11 22
11 23
11 27
11 28
11 29
11 30
11 33
11 35
11 36
11 37
11 40
11 42
11 44
11 48
11 50
12 14
12 23
12 25
12 30
12 35
12 36
12 37
12 40
12 43
12 44
12 46
12 47
12 48
13 15
13 16
13 17
13 21
13 22
13 23
13 25
13 26
13 27
13 29
13 33
13 34
13 38
13 40
13 43
13 46
13 47
13 48
13 50
14 15
14 17
14 19
14 21
14 23
14 24
14 26
14 28
14 31
14 36
14 38
14 41
14 43
14 46
14 47
14 48
14 49
14 50
15 18
15 19
15 24
15 25
15 26
15 27
15 30
15 31
15 33
15 34
15 35
15 36
15 39
15 41
15 42
15 44
15 46
15 48
15 50
16 17
16 19
16 20
16 22
16 24
16 27
16 28
16 31
16 37
16 39
16 40
16 41
16 45
16 47
16 48
16 50
17 18
17 19
17 21
17 23
17 25
17 26
17 31
17 32
17 33
17 34
17 35
17 37
17 41
17 43
17 44
17 45
17 49
18 20
18 21
18 23
18 26
18 28
18 30
18 31
18 32
18 34
18 35
18 38
18 40
18 43
18 44
18 46
18 47
18 48
18 49
18 50
19 21
19 22
19 25
19 26
19 27
19 28
19 29
19 33
19 34
19 36
19 37
19 41
19 43
19 45
19 46
19 48
19 50
20 21
20 22
20 24
20 29
20 31
20 32
20 34
20 40
20 41
20 43
20 44
20 46
20 48
21 22
21 25
21 26
21 27
21 30
21 31
21 32
21 33
21 35
21 37
21 38
21 39
21 40
21 41
21 43
21 48
21 50
22 23
22 27
22 28
22 29
22 30
22 32
22 33
22 35
22 39
22 42
22 46
22 50
23 25
23 30
23 31
23 33
23 34
23 35
23 36
23 37
23 40
23 41
23 45
23 47
23 49
23 50
24 25
24 30
24 33
24 34
24 35
24 41
24 45
24 46
24 47
24 48
24 49
24 50
25 26
25 28
25 29
25 32
25 35
25 38
25 40
25 43
25 44
25 45
25 47
25 48
26 27
26 28
26 29
26 36
26 38
26 39
26 42
26 45
26 48
26 50
27 28
27 33
27 34
27 35
27 39
27 43
27 46
27 47
27 48
27 49
27 50
28 30
28 32
28 34
28 35
28 37
28 38
28 43
28 47
28 49
29 31
29 32
29 35
29 37
29 38
29 41
29 43
29 44
29 45
29 46
29 47
29 48
29 50
30 31
30 37
30 39
30 40
30 41
30 44
30 47
30 48
30 49
31 32
31 33
31 36
31 38
31 40
31 45
31 47
31 48
31 50
32 33
32 36
32 37
32 38
32 39
32 40
32 41
32 42
32 43
32 44
32 45
32 46
32 48
33 34
33 35
33 37
33 38
33 39
33 40
33 41
33 42
33 43
33 44
33 45
33 49
33 50
34 38
34 39
34 41
34 45
34 46
34 48
34 49
35 36
35 37
35 40
35 45
35 47
35 48
35 49
35 50
36 40
36 43
36 44
36 46
36 49
37 39
37 41
37 42
37 43
37 47
37 48
37 49
37 50
38 44
38 45
38 46
38 48
39 44
39 45
39 46
39 50
40 42
40 43
40 44
40 49
40 50
41 42
41 44
41 45
41 46
41 48
41 49
42 47
42 48
42 50
43 44
43 47
43 48
43 50
44 45
44 47
44 48
44 49
45 46
45 49
46 47
47 49
47 50
48 49
48 50
