1 3
1 4
1 6
1 7
1 8
1 12
1 15
1 18
1 22
1 23
1 25
1 27
1 28
1 29
1 30
1 34
1 35
1 36
1 38
1 40
1 42
1 43
1 44
1 50
1 52
1 56
1 58
1 59
1 60
1 65
1 66
1 68
1 69
1 70
1 71
1 76
1 77
1 79
1 80
1 81
1 83
1 84
1 86
1 87
1 90
1 91
1 92
1 95
1 96
1 98
1 99
1 100
1 101
1 103
1 105
1 109
1 110
1 111
1 112
1 113
1 116
1 117
1 118
1 121
1 122
1 123
1 124
1 125
1 128
1 129
1 131
1 132
1 133
1 134
1 136
1 137
1 138
1 139
2 3
2 4
2 5
2 7
2 8
2 11
2 12
2 14
2 15
2 18
2 19
2 22
2 24
2 25
2 26
2 28
2 29
2 30
2 31
2 33
2 34
2 36
2 37
2 39
2 40
2 41
2 43
2 45
2 46
2 49
2 50
2 55
2 59
2 61
2 65
2 67
2 68
2 73
2 74
2 76
2 78
2 80
2 82
2 85
2 86
2 90
2 91
2 92
2 93
2 95
2 96
2 97
2 98
2 101
2 102
2 108
2 110
2 111
2 113
2 117
2 118
2 123
2 125
2 126
2 128
2 130
2 131
2 132
2 133
2 135
2 136
2 138
2 139
2 140
3 4
3 6
3 7
3 8
3 9
3 13
3 14
3 15
3 18
3 19
3 21
3 22
3 23
3 26
3 36
3 38
3 40
3 41
3 42
3 43
3 44
3 45
3 48
3 49
3 51
3 54
3 56
3 58
3 59
3 61
3 62
3 65
3 68
3 71
3 72
3 73
3 76
3 77
3 82
3 85
3 87
3 89
3 90
3 92
3 93
3 95
3 100
3 102
3 103
3 104
3 105
3 107
3 111
3 116
3 121
3 122
3 124
3 127
3 130
3 131
3 132
3 135
3 137
3 138
3 139
3 140
4 8
4 9
4 11
4 13
4 14
4 16
4 17
4 22
4 24
4 29
4 30
4 31
4 38
4 39
4 41
4 44
4 45
4 46
4 50
4 51
4 52
4 53
4 56
4 59
4 62
4 63
4 66
4 67
4 70
4 71
4 73
4 74
4 76
4 81
4 82
4 86
4 87
4 88
4 91
4 92
4 93
4 94
4 95
4 97
4 102
4 104
4 106
4 107
4 108
4 111
4 112
4 114
4 115
4 116
4 118
4 120
4 121
4 123
4 127
4 128
4 129
4 130
4 131
4 134
4 135
4 136
4 139
5 6
5 8
5 12
5 13
5 14
5 15
5 17
5 20
5 22
5 23
5 24
5 28
5 33
5 34
5 36
5 38
5 44
5 46
5 49
5 50
5 53
5 56
5 57
5 59
5 61
5 64
5 65
5 66
5 72
5 73
5 74
5 76
5 80
5 82
5 83
5 89
5 93
5 94
5 95
5 96
5 97
5 101
5 102
5 103
5 104
5 105
5 106
5 108
5 110
5 111
5 115
5 117
5 118
5 121
5 123
5 126
5 127
5 129
5 130
5 133
5 138
5 139
5 140
6 7
6 8
6 9
6 13
6 14
6 15
6 16
6 20
6 21
6 24
6 27
6 29
6 30
6 32
6 33
6 36
6 37
6 40
6 44
6 46
6 48
6 49
6 51
6 53
6 56
6 58
6 59
6 60
6 61
6 64
6 65
6 66
6 67
6 69
6 71
6 72
6 75
6 77
6 78
6 80
6 82
6 83
6 84
6 85
6 86
6 88
6 91
6 92
6 93
6 97
6 100
6 102
6 105
6 109
6 111
6 115
6 116
6 117
6 118
6 120
6 125
6 131
6 132
6 134
6 136
6 137
6 138
6 139
6 140
7 9
7 10
7 12
7 13
7 15
7 16
7 17
7 19
7 20
7 21
7 22
7 23
7 25
7 26
7 27
7 28
7 29
7 30
7 31
7 32
7 33
7 36
7 38
7 39
7 41
7 43
7 45
7 48
7 49
7 50
7 52
7 53
7 55
7 56
7 58
7 61
7 62
7 64
7 66
7 67
7 68
7 71
7 72
7 76
7 77
7 80
7 82
7 84
7 87
7 88
7 89
7 90
7 92
7 94
7 95
7 96
7 97
7 107
7 108
7 109
7 110
7 111
7 115
7 117
7 118
7 120
7 121
7 124
7 126
7 129
7 132
7 133
7 134
7 136
7 138
7 139
8 9
8 10
8 12
8 16
8 23
8 27
8 30
8 33
8 35
8 36
8 38
8 41
8 42
8 44
8 46
8 47
8 50
8 51
8 52
8 53
8 56
8 57
8 59
8 60
8 63
8 64
8 65
8 67
8 68
8 70
8 71
8 72
8 73
8 74
8 76
8 78
8 80
8 84
8 86
8 88
8 92
8 97
8 99
8 100
8 102
8 103
8 104
8 110
8 113
8 115
8 116
8 118
8 120
8 121
8 123
8 126
8 127
8 128
8 131
8 133
8 134
8 136
8 137
8 138
8 139
8 140
9 13
9 14
9 17
9 21
9 22
9 23
9 25
9 27
9 29
9 30
9 32
9 35
9 37
9 44
9 46
9 49
9 54
9 55
9 66
9 68
9 69
9 70
9 71
9 72
9 73
9 75
9 78
9 79
9 81
9 83
9 87
9 90
9 93
9 94
9 95
9 100
9 101
9 104
9 105
9 110
9 111
9 112
9 114
9 119
9 120
9 122
9 123
9 124
9 125
9 127
9 128
9 129
9 132
9 134
9 136
9 138
9 140
10 11
10 13
10 16
10 18
10 23
10 26
10 27
10 32
10 33
10 34
10 35
10 37
10 38
10 39
10 41
10 42
10 44
10 47
10 48
10 50
10 54
10 55
10 56
10 57
10 59
10 62
10 66
10 69
10 70
10 74
10 75
10 76
10 77
10 79
10 82
10 85
10 92
10 94
10 95
10 97
10 98
10 100
10 104
10 106
10 110
10 112
10 113
10 115
10 118
10 120
10 121
10 122
10 123
10 125
10 126
10 130
10 133
10 134
10 136
10 138
11 21
11 22
11 27
11 29
11 31
11 32
11 36
11 40
11 41
11 42
11 43
11 44
11 48
11 52
11 53
11 54
11 55
11 56
11 57
11 58
11 59
11 64
11 65
11 70
11 71
11 72
11 74
11 75
11 76
11 78
11 81
11 84
11 85
11 86
11 87
11 91
11 92
11 93
11 96
11 98
11 99
11 101
11 104
11 105
11 106
11 108
11 113
11 115
11 118
11 119
11 120
11 122
11 125
11 129
11 131
11 132
11 133
11 134
11 135
11 137
11 140
12 15
12 16
12 17
12 19
12 21
12 22
12 26
12 28
12 29
12 30
12 31
12 32
12 34
12 35
12 38
12 41
12 43
12 44
12 46
12 50
12 51
12 53
12 54
12 57
12 58
12 60
12 61
12 62
12 64
12 67
12 69
12 70
12 72
12 75
12 76
12 77
12 79
12 80
12 81
12 86
12 88
12 89
12 90
12 92
12 94
12 95
12 96
12 97
12 100
12 101
12 104
12 105
12 109
12 110
12 112
12 114
12 118
12 119
12 121
12 122
12 125
12 126
12 128
12 129
12 136
12 137
12 138
12 139
12 140
13 16
13 18
13 19
13 21
13 22
13 25
13 26
13 29
13 31
13 33
13 34
13 35
13 40
13 41
13 42
13 46
13 47
13 48
13 49
13 52
13 53
13 56
13 57
13 60
13 61
13 62
13 63
13 66
13 69
13 71
13 73
13 75
13 80
13 81
13 82
13 84
13 85
13 86
13 92
13 95
13 96
13 97
13 102
13 103
13 104
13 106
13 107
13 108
13 111
13 112
13 114
13 117
13 118
13 121
13 126
13 128
13 131
13 133
13 134
13 137
13 140
14 16
14 17
14 18
14 22
14 25
14 26
14 27
14 28
14 32
14 33
14 34
14 36
14 38
14 39
14 43
14 44
14 45
14 51
14 53
14 54
14 57
14 58
14 59
14 60
14 65
14 69
14 71
14 72
14 73
14 75
14 77
14 82
14 83
14 88
14 90
14 94
14 96
14 97
14 98
14 99
14 100
14 102
14 103
14 107
14 111
14 114
14 115
14 116
14 119
14 120
14 124
14 126
14 135
14 136
14 137
14 140
15 19
15 20
15 22
15 23
15 26
15 29
15 30
15 31
15 33
15 35
15 36
15 37
15 39
15 40
15 47
15 48
15 53
15 54
15 57
15 59
15 63
15 64
15 67
15 68
15 69
15 73
15 74
15 76
15 77
15 78
15 79
15 83
15 84
15 85
15 89
15 90
15 93
15 94
15 95
15 97
15 98
15 99
15 102
15 109
15 110
15 118
15 119
15 120
15 121
15 123
15 124
15 126
15 127
15 128
15 130
15 131
15 132
15 135
15 137
15 139
15 140
16 17
16 19
16 20
16 24
16 25
16 26
16 28
16 30
16 31
16 32
16 33
16 35
16 38
16 39
16 45
16 46
16 47
16 49
16 52
16 54
16 55
16 56
16 62
16 63
16 66
16 67
16 69
16 70
16 71
16 72
16 74
16 76
16 77
16 79
16 80
16 82
16 84
16 86
16 87
16 88
16 90
16 91
16 92
16 93
16 97
16 104
16 105
16 106
16 110
16 112
16 114
16 116
16 117
16 118
16 120
16 121
16 124
16 127
16 129
16 131
16 132
16 134
16 135
16 136
16 137
16 138
16 140
17 19
17 20
17 23
17 26
17 27
17 28
17 31
17 33
17 34
17 35
17 37
17 39
17 40
17 42
17 47
17 49
17 51
17 54
17 61
17 63
17 64
17 68
17 69
17 70
17 72
17 73
17 74
17 76
17 79
17 80
17 83
17 87
17 88
17 90
17 91
17 93
17 99
17 100
17 101
17 102
17 103
17 108
17 110
17 111
17 112
17 113
17 114
17 115
17 116
17 119
17 120
17 121
17 123
17 125
17 126
17 127
17 128
17 130
17 131
17 133
17 134
17 135
17 137
18 20
18 21
18 22
18 24
18 30
18 32
18 34
18 36
18 40
18 42
18 43
18 45
18 46
18 47
18 48
18 50
18 52
18 53
18 54
18 56
18 57
18 59
18 60
18 65
18 66
18 69
18 70
18 71
18 72
18 73
18 75
18 77
18 83
18 84
18 85
18 86
18 87
18 89
18 90
18 91
18 92
18 93
18 94
18 95
18 96
18 99
18 103
18 106
18 107
18 109
18 111
18 116
18 122
18 126
18 129
18 132
18 133
18 134
18 137
18 138
18 139
18 140
19 23
19 25
19 28
19 31
19 33
19 35
19 36
19 37
19 38
19 42
19 43
19 44
19 45
19 46
19 48
19 49
19 50
19 51
19 52
19 53
19 54
19 55
19 58
19 59
19 60
19 65
19 69
19 70
19 72
19 73
19 74
19 75
19 76
19 77
19 79
19 81
19 84
19 85
19 86
19 88
19 89
19 91
19 92
19 94
19 97
19 99
19 100
19 101
19 102
19 103
19 106
19 107
19 109
19 112
19 113
19 116
19 117
19 119
19 122
19 126
19 130
19 136
19 137
19 139
19 140
20 21
20 26
20 27
20 28
20 30
20 32
20 33
20 35
20 36
20 37
20 41
20 42
20 43
20 45
20 47
20 48
20 49
20 51
20 56
20 58
20 59
20 60
20 62
20 64
20 65
20 66
20 68
20 69
20 70
20 71
20 78
20 79
20 83
20 84
20 91
20 92
20 94
20 102
20 103
20 104
20 107
20 110
20 112
20 113
20 117
20 118
20 119
20 123
20 126
20 127
20 128
20 130
20 135
20 136
20 137
20 139
20 140
21 23
21 24
21 25
21 26
21 27
21 28
21 29
21 32
21 33
21 36
21 37
21 38
21 39
21 44
21 46
21 49
21 52
21 55
21 57
21 59
21 60
21 62
21 65
21 66
21 68
21 69
21 70
21 72
21 73
21 74
21 75
21 76
21 77
21 78
21 79
21 80
21 81
21 83
21 86
21 87
21 89
21 90
21 96
21 97
21 98
21 99
21 100
21 103
21 104
21 106
21 108
21 110
21 111
21 114
21 115
21 118
21 119
21 120
21 121
21 122
21 123
21 125
21 126
21 127
21 130
21 131
21 132
21 133
21 135
21 136
21 137
21 138
21 139
22 23
22 24
22 27
22 28
22 30
22 32
22 33
22 34
22 35
22 36
22 39
22 40
22 41
22 44
22 45
22 48
22 50
22 52
22 53
22 54
22 56
22 58
22 59
22 61
22 63
22 66
22 69
22 72
22 73
22 78
22 82
22 83
22 85
22 94
22 96
22 98
22 99
22 100
22 104
22 106
22 107
22 108
22 111
22 113
22 116
22 117
22 118
22 120
22 121
22 122
22 125
22 128
22 129
22 130
22 132
22 133
22 134
22 135
22 137
22 138
22 139
23 24
23 26
23 30
23 31
23 32
23 33
23 34
23 35
23 37
23 38
23 39
23 40
23 43
23 44
23 45
23 47
23 48
23 49
23 50
23 51
23 52
23 53
23 54
23 55
23 56
23 59
23 60
23 61
23 62
23 63
23 64
23 65
23 66
23 67
23 71
23 80
23 83
23 86
23 89
23 93
23 95
23 96
23 97
23 99
23 100
23 101
23 102
23 104
23 106
23 109
23 110
23 113
23 114
23 115
23 118
23 119
23 121
23 125
23 126
23 128
23 129
23 130
23 131
23 132
23 137
23 139
24 28
24 30
24 31
24 32
24 33
24 34
24 35
24 37
24 38
24 39
24 40
24 41
24 42
24 44
24 45
24 49
24 50
24 53
24 55
24 59
24 61
24 63
24 64
24 67
24 68
24 70
24 71
24 74
24 75
24 76
24 77
24 78
24 82
24 83
24 84
24 85
24 90
24 91
24 95
24 96
24 98
24 99
24 100
24 101
24 102
24 105
24 106
24 108
24 110
24 111
24 113
24 115
24 116
24 117
24 118
24 121
24 123
24 124
24 125
24 127
24 130
24 134
24 136
24 137
24 139
25 26
25 28
25 31
25 32
25 34
25 35
25 38
25 39
25 43
25 44
25 48
25 50
25 54
25 55
25 59
25 64
25 65
25 66
25 68
25 70
25 71
25 72
25 73
25 76
25 79
25 80
25 82
25 83
25 84
25 91
25 94
25 95
25 96
25 97
25 99
25 100
25 102
25 103
25 104
25 105
25 110
25 112
25 113
25 116
25 117
25 118
25 124
25 125
25 130
25 131
25 134
25 136
25 137
25 138
25 139
26 28
26 29
26 31
26 34
26 35
26 38
26 44
26 46
26 48
26 49
26 51
26 52
26 53
26 54
26 56
26 61
26 62
26 64
26 66
26 67
26 69
26 71
26 73
26 74
26 77
26 78
26 81
26 84
26 85
26 88
26 89
26 92
26 95
26 96
26 97
26 99
26 101
26 105
26 106
26 108
26 109
26 110
26 115
26 116
26 117
26 119
26 122
26 124
26 125
26 130
26 131
26 133
26 135
26 140
27 28
27 30
27 32
27 36
27 37
27 39
27 40
27 42
27 43
27 44
27 45
27 46
27 51
27 53
27 56
27 57
27 59
27 61
27 62
27 63
27 67
27 68
27 70
27 71
27 74
27 75
27 78
27 79
27 81
27 84
27 90
27 92
27 93
27 95
27 98
27 99
27 100
27 102
27 104
27 106
27 108
27 110
27 111
27 113
27 114
27 115
27 117
27 120
27 121
27 123
27 126
27 131
27 137
27 140
28 29
28 31
28 32
28 33
28 35
28 36
28 41
28 42
28 44
28 45
28 47
28 52
28 53
28 55
28 56
28 57
28 58
28 60
28 61
28 64
28 66
28 69
28 70
28 71
28 72
28 73
28 76
28 78
28 80
28 82
28 83
28 85
28 87
28 90
28 91
28 92
28 94
28 95
28 96
28 98
28 101
28 102
28 103
28 104
28 107
28 109
28 113
28 114
28 116
28 118
28 119
28 122
28 124
28 125
28 126
28 129
28 130
28 131
28 132
28 133
28 134
28 135
28 136
28 137
28 138
28 139
29 30
29 32
29 36
29 38
29 39
29 40
29 41
29 42
29 45
29 46
29 47
29 48
29 50
29 55
29 58
29 59
29 60
29 61
29 63
29 68
29 75
29 76
29 77
29 79
29 81
29 82
29 86
29 87
29 93
29 96
29 97
29 100
29 103
29 106
29 107
29 110
29 111
29 113
29 114
29 117
29 120
29 122
29 124
29 131
29 134
29 135
29 136
29 139
29 140
30 33
30 36
30 39
30 41
30 42
30 44
30 45
30 46
30 48
30 54
30 56
30 59
30 60
30 61
30 63
30 66
30 67
30 68
30 69
30 70
30 72
30 74
30 75
30 76
30 77
30 78
30 79
30 80
30 85
30 87
30 88
30 89
30 91
30 92
30 95
30 96
30 98
30 99
30 101
30 102
30 104
30 106
30 109
30 111
30 112
30 116
30 121
30 125
30 127
30 128
30 130
30 131
30 133
30 134
30 135
30 137
30 138
31 33
31 34
31 36
31 40
31 44
31 45
31 49
31 51
31 53
31 54
31 55
31 58
31 59
31 61
31 62
31 63
31 64
31 67
31 68
31 69
31 72
31 74
31 78
31 81
31 82
31 83
31 84
31 85
31 87
31 91
31 95
31 100
31 101
31 103
31 104
31 108
31 112
31 113
31 117
31 118
31 119
31 120
31 121
31 126
31 133
31 135
31 138
31 139
31 140
32 33
32 34
32 39
32 40
32 41
32 42
32 44
32 46
32 48
32 50
32 55
32 57
32 62
32 64
32 66
32 69
32 70
32 73
32 74
32 76
32 77
32 78
32 79
32 82
32 85
32 86
32 88
32 89
32 92
32 93
32 97
32 99
32 100
32 101
32 102
32 103
32 104
32 107
32 110
32 112
32 113
32 117
32 118
32 121
32 123
32 124
32 126
32 130
32 131
32 134
32 136
32 138
33 38
33 40
33 52
33 55
33 57
33 58
33 61
33 62
33 64
33 67
33 68
33 70
33 72
33 74
33 75
33 76
33 77
33 78
33 79
33 81
33 84
33 88
33 89
33 90
33 91
33 93
33 95
33 97
33 99
33 100
33 105
33 107
33 111
33 112
33 114
33 116
33 118
33 120
33 121
33 122
33 124
33 125
33 127
33 130
33 132
33 133
33 134
33 135
33 139
34 35
34 38
34 39
34 40
34 42
34 43
34 44
34 45
34 46
34 48
34 50
34 51
34 54
34 55
34 58
34 60
34 61
34 63
34 64
34 65
34 67
34 68
34 69
34 71
34 72
34 74
34 76
34 77
34 80
34 81
34 82
34 83
34 84
34 87
34 88
34 91
34 92
34 94
34 95
34 96
34 98
34 99
34 100
34 101
34 104
34 108
34 109
34 111
34 112
34 114
34 116
34 117
34 119
34 125
34 126
34 127
34 130
34 135
34 136
34 139
34 140
35 37
35 38
35 40
35 41
35 42
35 45
35 47
35 51
35 53
35 54
35 58
35 59
35 61
35 62
35 68
35 69
35 70
35 71
35 73
35 78
35 79
35 82
35 86
35 89
35 90
35 92
35 94
35 96
35 98
35 99
35 101
35 102
35 105
35 107
35 110
35 114
35 115
35 123
35 125
35 126
35 129
35 130
35 131
36 37
36 38
36 39
36 44
36 46
36 47
36 48
36 49
36 54
36 56
36 59
36 60
36 62
36 64
36 67
36 68
36 69
36 72
36 73
36 75
36 76
36 81
36 84
36 86
36 87
36 89
36 90
36 91
36 92
36 94
36 99
36 100
36 102
36 105
36 106
36 107
36 109
36 110
36 112
36 115
36 117
36 118
36 120
36 121
36 123
36 125
36 126
36 127
36 129
36 131
36 133
36 134
36 136
36 138
37 39
37 40
37 43
37 45
37 47
37 49
37 51
37 52
37 53
37 54
37 55
37 56
37 57
37 58
37 59
37 62
37 67
37 68
37 71
37 72
37 75
37 76
37 79
37 82
37 85
37 89
37 92
37 94
37 96
37 99
37 100
37 107
37 112
37 113
37 115
37 116
37 118
37 119
37 123
37 125
37 127
37 129
37 130
37 136
37 137
37 139
38 39
38 40
38 41
38 43
38 44
38 45
38 46
38 48
38 49
38 50
38 57
38 60
38 61
38 64
38 65
38 70
38 71
38 72
38 73
38 74
38 77
38 79
38 81
38 82
38 83
38 89
38 90
38 92
38 93
38 94
38 97
38 101
38 102
38 103
38 104
38 105
38 108
38 109
38 113
38 116
38 117
38 119
38 120
38 122
38 123
38 126
38 128
38 129
38 130
38 131
38 132
38 133
38 136
38 137
38 138
39 40
39 42
39 43
39 45
39 46
39 47
39 51
39 53
39 56
39 59
39 61
39 64
39 65
39 66
39 68
39 70
39 72
39 74
39 75
39 77
39 79
39 82
39 83
39 85
39 87
39 88
39 90
39 91
39 92
39 93
39 95
39 98
39 100
39 101
39 104
39 105
39 107
39 110
39 111
39 112
39 116
39 117
39 118
39 120
39 121
39 122
39 123
39 126
39 128
39 132
39 133
39 135
39 138
40 41
40 43
40 44
40 47
40 50
40 53
40 55
40 57
40 59
40 61
40 62
40 64
40 68
40 69
40 70
40 71
40 73
40 75
40 76
40 77
40 78
40 79
40 80
40 81
40 82
40 83
40 85
40 90
40 93
40 94
40 98
40 99
40 101
40 106
40 109
40 110
40 111
40 114
40 115
40 116
40 118
40 119
40 124
40 125
40 126
40 127
40 128
40 129
40 132
40 133
40 134
40 137
40 140
41 42
41 43
41 44
41 45
41 46
41 47
41 49
41 51
41 52
41 53
41 54
41 55
41 57
41 59
41 60
41 61
41 62
41 63
41 65
41 67
41 68
41 69
41 70
41 72
41 73
41 75
41 78
41 79
41 80
41 81
41 82
41 85
41 87
41 88
41 89
41 92
41 94
41 95
41 100
41 101
41 102
41 103
41 104
41 105
41 106
41 108
41 109
41 112
41 113
41 114
41 117
41 118
41 119
41 120
41 122
41 123
41 124
41 126
41 127
41 129
41 132
41 133
41 134
41 135
41 138
41 139
42 45
42 47
42 48
42 49
42 50
42 51
42 54
42 57
42 62
42 63
42 72
42 73
42 76
42 77
42 78
42 79
42 80
42 82
42 83
42 84
42 86
42 87
42 92
42 93
42 94
42 96
42 97
42 98
42 99
42 100
42 101
42 103
42 104
42 107
42 109
42 110
42 111
42 112
42 113
42 114
42 115
42 119
42 120
42 122
42 125
42 127
42 128
42 129
42 130
42 132
42 134
42 137
42 138
42 140
43 44
43 45
43 49
43 50
43 51
43 53
43 54
43 57
43 58
43 60
43 62
43 63
43 66
43 67
43 69
43 72
43 73
43 76
43 78
43 79
43 80
43 85
43 87
43 88
43 89
43 90
43 91
43 94
43 97
43 99
43 101
43 102
43 103
43 104
43 105
43 106
43 109
43 111
43 114
43 115
43 118
43 121
43 122
43 123
43 126
43 127
43 128
43 135
43 136
44 45
44 46
44 49
44 52
44 56
44 58
44 59
44 61
44 62
44 63
44 64
44 65
44 68
44 70
44 72
44 74
44 75
44 78
44 81
44 82
44 84
44 85
44 86
44 88
44 89
44 93
44 96
44 97
44 98
44 99
44 101
44 103
44 108
44 109
44 114
44 115
44 118
44 119
44 121
44 125
44 127
44 128
44 130
44 131
44 133
44 134
44 135
44 137
44 138
44 139
44 140
45 48
45 49
45 50
45 51
45 52
45 53
45 56
45 59
45 64
45 65
45 72
45 74
45 77
45 78
45 79
45 81
45 83
45 86
45 88
45 89
45 92
45 93
45 94
45 95
45 96
45 98
45 100
45 101
45 103
45 105
45 106
45 108
45 114
45 115
45 119
45 123
45 125
45 126
45 127
45 129
45 131
45 132
45 134
45 135
45 139
45 140
46 47
46 48
46 54
46 55
46 56
46 59
46 60
46 61
46 62
46 65
46 66
46 68
46 69
46 70
46 71
46 73
46 75
46 76
46 77
46 79
46 82
46 84
46 89
46 91
46 93
46 95
46 96
46 98
46 99
46 100
46 101
46 102
46 105
46 109
46 110
46 112
46 115
46 117
46 120
46 124
46 131
46 132
46 133
46 136
46 137
47 49
47 53
47 54
47 56
47 59
47 60
47 61
47 62
47 63
47 65
47 67
47 68
47 69
47 70
47 71
47 76
47 77
47 78
47 82
47 85
47 86
47 88
47 89
47 90
47 93
47 96
47 97
47 99
47 100
47 102
47 108
47 109
47 110
47 111
47 112
47 114
47 120
47 125
47 127
47 133
47 134
48 50
48 51
48 52
48 55
48 59
48 60
48 61
48 62
48 64
48 67
48 69
48 71
48 72
48 75
48 78
48 80
48 82
48 85
48 87
48 90
48 93
48 94
48 95
48 97
48 98
48 100
48 101
48 105
48 106
48 108
48 109
48 110
48 111
48 113
48 114
48 115
48 116
48 117
48 118
48 122
48 125
48 126
48 132
48 133
48 134
48 135
48 138
49 51
49 52
49 53
49 55
49 57
49 59
49 66
49 72
49 74
49 75
49 76
49 78
49 82
49 86
49 87
49 89
49 92
49 94
49 99
49 101
49 102
49 104
49 105
49 106
49 107
49 109
49 110
49 112
49 113
49 114
49 116
49 117
49 120
49 128
49 130
49 131
49 133
50 53
50 54
50 55
50 60
50 61
50 62
50 63
50 67
50 69
50 70
50 72
50 74
50 76
50 77
50 78
50 80
50 83
50 84
50 85
50 86
50 88
50 90
50 91
50 93
50 94
50 95
50 96
50 98
50 99
50 106
50 107
50 108
50 110
50 114
50 116
50 117
50 120
50 121
50 122
50 124
50 125
50 126
50 127
50 128
50 131
50 132
50 133
50 134
50 135
50 140
51 52
51 56
51 59
51 61
51 62
51 63
51 65
51 66
51 69
51 71
51 72
51 73
51 75
51 76
51 78
51 81
51 82
51 86
51 87
51 92
51 93
51 94
51 97
51 98
51 101
51 102
51 103
51 105
51 107
51 108
51 110
51 111
51 112
51 116
51 117
51 119
51 120
51 124
51 126
51 127
51 129
51 131
51 132
51 133
51 138
51 139
51 140
52 54
52 55
52 56
52 57
52 58
52 59
52 60
52 61
52 62
52 64
52 65
52 66
52 68
52 70
52 73
52 78
52 80
52 81
52 83
52 84
52 87
52 88
52 90
52 93
52 95
52 97
52 99
52 101
52 102
52 103
52 104
52 105
52 108
52 110
52 111
52 116
52 121
52 122
52 123
52 124
52 126
52 128
52 130
52 131
52 133
52 138
53 55
53 56
53 63
53 65
53 66
53 67
53 69
53 72
53 75
53 77
53 80
53 81
53 83
53 84
53 85
53 86
53 88
53 89
53 91
53 92
53 96
53 102
53 103
53 107
53 108
53 112
53 113
53 114
53 115
53 116
53 118
53 119
53 120
53 121
53 122
53 123
53 125
53 126
53 128
53 130
53 131
53 132
53 134
53 135
53 137
54 55
54 56
54 57
54 62
54 64
54 65
54 66
54 68
54 69
54 70
54 71
54 72
54 73
54 74
54 76
54 81
54 83
54 85
54 89
54 90
54 91
54 92
54 93
54 94
54 95
54 97
54 99
54 100
54 104
54 105
54 106
54 107
54 108
54 110
54 114
54 115
54 116
54 117
54 118
54 119
54 121
54 123
54 124
54 125
54 126
54 127
54 129
54 130
54 131
54 132
54 134
54 137
54 138
54 140
55 58
55 59
55 62
55 63
55 65
55 67
55 69
55 70
55 72
55 73
55 74
55 83
55 85
55 86
55 87
55 88
55 89
55 90
55 91
55 92
55 94
55 96
55 99
55 104
55 106
55 109
55 111
55 112
55 115
55 116
55 118
55 119
55 120
55 121
55 122
55 124
55 126
55 127
55 129
55 131
55 133
55 135
55 136
55 137
55 138
55 139
56 57
56 59
56 62
56 63
56 66
56 67
56 71
56 74
56 75
56 78
56 79
56 82
56 83
56 85
56 89
56 90
56 91
56 93
56 95
56 96
56 99
56 100
56 101
56 103
56 105
56 106
56 108
56 109
56 112
56 118
56 122
56 123
56 124
56 126
56 127
56 128
56 130
56 133
56 134
56 136
57 60
57 61
57 62
57 63
57 65
57 66
57 67
57 68
57 71
57 72
57 73
57 74
57 75
57 76
57 77
57 78
57 79
57 80
57 81
57 82
57 84
57 85
57 92
57 93
57 96
57 97
57 100
57 103
57 104
57 105
57 106
57 112
57 113
57 116
57 118
57 119
57 121
57 124
57 128
57 129
57 130
57 132
57 135
57 138
58 60
58 61
58 64
58 68
58 69
58 70
58 71
58 72
58 75
58 79
58 85
58 90
58 91
58 92
58 93
58 94
58 96
58 97
58 102
58 104
58 108
58 109
58 113
58 114
58 115
58 117
58 119
58 121
58 123
58 124
58 127
58 128
58 129
58 137
58 138
59 62
59 63
59 66
59 67
59 68
59 72
59 73
59 74
59 76
59 79
59 80
59 81
59 83
59 85
59 88
59 89
59 93
59 95
59 97
59 101
59 102
59 103
59 105
59 106
59 109
59 110
59 111
59 112
59 115
59 118
59 119
59 120
59 122
59 124
59 127
59 128
59 130
59 132
59 133
59 137
59 139
60 61
60 63
60 64
60 70
60 73
60 74
60 75
60 76
60 79
60 80
60 82
60 83
60 85
60 88
60 91
60 92
60 94
60 95
60 96
60 97
60 98
60 99
60 101
60 102
60 103
60 106
60 107
60 108
60 111
60 113
60 115
60 116
60 118
60 120
60 121
60 124
60 127
60 129
60 130
60 131
60 135
60 137
60 139
60 140
61 63
61 66
61 67
61 72
61 75
61 76
61 77
61 79
61 81
61 87
61 89
61 92
61 94
61 96
61 97
61 99
61 104
61 110
61 117
61 118
61 120
61 126
61 127
61 129
61 132
61 134
61 135
61 137
61 138
61 140
62 63
62 64
62 66
62 67
62 68
62 71
62 73
62 75
62 77
62 79
62 81
62 82
62 83
62 85
62 86
62 87
62 88
62 89
62 90
62 93
62 95
62 98
62 99
62 100
62 101
62 102
62 105
62 108
62 109
62 110
62 111
62 119
62 122
62 124
62 127
62 129
62 132
62 134
62 135
62 136
62 138
62 139
63 65
63 69
63 71
63 74
63 75
63 76
63 77
63 78
63 79
63 80
63 83
63 85
63 86
63 87
63 89
63 91
63 92
63 99
63 102
63 103
63 109
63 110
63 111
63 112
63 113
63 114
63 115
63 116
63 117
63 119
63 121
63 124
63 125
63 126
63 127
63 131
63 133
63 134
63 138
64 67
64 68
64 70
64 73
64 74
64 77
64 79
64 80
64 81
64 82
64 88
64 89
64 90
64 92
64 93
64 95
64 96
64 97
64 98
64 101
64 102
64 103
64 105
64 109
64 111
64 113
64 116
64 117
64 121
64 122
64 124
64 125
64 126
64 127
64 130
64 133
64 135
64 137
64 138
64 140
65 70
65 71
65 72
65 74
65 75
65 76
65 77
65 80
65 81
65 82
65 84
65 87
65 88
65 89
65 91
65 92
65 96
65 100
65 102
65 105
65 107
65 110
65 111
65 112
65 113
65 115
65 116
65 118
65 119
65 120
65 121
65 122
65 124
65 128
65 129
65 130
65 131
65 132
65 133
65 134
65 136
65 137
65 138
66 67
66 68
66 73
66 74
66 79
66 80
66 81
66 82
66 83
66 84
66 86
66 87
66 88
66 93
66 94
66 96
66 99
66 100
66 101
66 102
66 109
66 112
66 114
66 115
66 118
66 120
66 122
66 123
66 125
66 126
66 127
66 129
66 131
66 132
66 135
66 139
67 68
67 69
67 71
67 73
67 75
67 76
67 77
67 79
67 82
67 83
67 84
67 85
67 87
67 88
67 90
67 91
67 94
67 95
67 96
67 97
67 98
67 100
67 104
67 107
67 109
67 115
67 117
67 118
67 119
67 120
67 122
67 123
67 128
67 129
67 131
67 132
67 133
67 134
67 135
67 137
68 69
68 71
68 76
68 78
68 80
68 87
68 88
68 90
68 92
68 98
68 99
68 101
68 104
68 105
68 107
68 111
68 117
68 119
68 121
68 122
68 123
68 124
68 126
68 128
68 130
68 131
68 132
68 134
68 135
68 136
68 137
68 139
69 70
69 72
69 73
69 74
69 76
69 78
69 79
69 81
69 83
69 84
69 86
69 87
69 88
69 89
69 90
69 91
69 93
69 94
69 95
69 97
69 98
69 102
69 104
69 108
69 110
69 112
69 113
69 115
69 117
69 119
69 120
69 121
69 122
69 123
69 125
69 126
69 128
69 129
69 131
69 132
69 134
69 135
70 71
70 72
70 77
70 81
70 86
70 90
70 93
70 95
70 98
70 102
70 104
70 107
70 108
70 109
70 112
70 113
70 115
70 116
70 118
70 119
70 120
70 121
70 122
70 124
70 125
70 126
70 127
70 128
70 129
70 130
70 134
70 135
70 140
71 72
71 74
71 77
71 79
71 80
71 81
71 83
71 85
71 87
71 90
71 91
71 96
71 100
71 101
71 102
71 103
71 104
71 105
71 106
71 107
71 110
71 112
71 114
71 117
71 118
71 119
71 123
71 124
71 125
71 127
71 130
71 133
71 134
71 136
71 137
71 138
72 75
72 76
72 77
72 79
72 80
72 84
72 85
72 87
72 88
72 89
72 90
72 92
72 93
72 94
72 95
72 98
72 99
72 100
72 102
72 103
72 104
72 105
72 107
72 109
72 110
72 112
72 113
72 114
72 115
72 119
72 120
72 123
72 124
72 125
72 126
72 127
72 128
72 130
72 133
72 134
72 135
72 136
72 138
72 139
72 140
73 74
73 76
73 80
73 81
73 82
73 83
73 84
73 85
73 86
73 87
73 90
73 91
73 93
73 94
73 98
73 100
73 102
73 107
73 108
73 109
73 112
73 113
73 114
73 115
73 116
73 118
73 119
73 120
73 121
73 122
73 124
73 125
73 126
73 131
73 132
73 133
73 134
73 136
73 137
73 138
73 140
74 77
74 78
74 80
74 82
74 85
74 86
74 88
74 90
74 91
74 93
74 94
74 95
74 98
74 99
74 104
74 105
74 107
74 108
74 114
74 120
74 125
74 127
74 128
74 129
74 130
74 131
74 132
74 133
74 135
74 136
74 137
74 138
74 140
75 79
75 80
75 83
75 84
75 85
75 87
75 92
75 99
75 100
75 104
75 106
75 107
75 109
75 116
75 117
75 119
75 122
75 123
75 126
75 134
75 135
75 136
76 78
76 79
76 80
76 83
76 85
76 87
76 88
76 92
76 93
76 95
76 96
76 98
76 102
76 103
76 106
76 108
76 109
76 110
76 111
76 112
76 115
76 116
76 119
76 123
76 127
76 128
76 130
76 133
76 139
77 79
77 81
77 82
77 84
77 86
77 87
77 89
77 90
77 92
77 94
77 96
77 98
77 100
77 101
77 104
77 105
77 107
77 116
77 117
77 122
77 123
77 128
77 129
77 131
77 132
77 134
77 138
77 139
77 140
78 79
78 81
78 82
78 83
78 85
78 87
78 88
78 90
78 93
78 95
78 96
78 99
78 101
78 102
78 103
78 104
78 105
78 106
78 111
78 113
78 114
78 115
78 116
78 118
78 127
78 128
78 130
78 131
78 133
78 137
78 140
79 80
79 81
79 82
79 85
79 88
79 91
79 93
79 95
79 99
79 100
79 102
79 103
79 104
79 105
79 106
79 108
79 110
79 111
79 113
79 114
79 118
79 120
79 121
79 125
79 127
79 135
79 136
79 139
80 81
80 82
80 84
80 85
80 86
80 89
80 91
80 95
80 97
80 100
80 101
80 105
80 107
80 108
80 111
80 112
80 115
80 116
80 118
80 119
80 120
80 121
80 123
80 124
80 126
80 127
80 130
80 134
80 135
81 82
81 84
81 90
81 92
81 93
81 100
81 101
81 103
81 104
81 106
81 107
81 110
81 111
81 113
81 119
81 125
81 126
81 127
81 130
81 131
81 132
81 133
81 134
81 135
81 136
81 139
81 140
82 83
82 95
82 97
82 98
82 101
82 104
82 106
82 107
82 110
82 114
82 117
82 118
82 119
82 125
82 126
82 129
82 130
82 133
82 135
83 87
83 90
83 94
83 95
83 96
83 97
83 99
83 103
83 105
83 108
83 111
83 113
83 114
83 118
83 119
83 121
83 123
83 126
83 127
83 134
83 137
83 139
84 86
84 87
84 88
84 90
84 94
84 97
84 102
84 105
84 106
84 110
84 115
84 116
84 118
84 119
84 123
84 126
84 127
84 128
84 129
84 131
84 133
84 134
84 135
84 138
84 139
84 140
85 87
85 91
85 92
85 94
85 101
85 106
85 109
85 111
85 113
85 115
85 116
85 117
85 121
85 123
85 124
85 126
85 127
85 128
85 130
85 131
85 134
85 135
85 138
85 139
85 140
86 87
86 89
86 91
86 94
86 98
86 99
86 104
86 105
86 112
86 114
86 117
86 121
86 122
86 123
86 127
86 134
86 135
86 137
86 139
86 140
87 89
87 91
87 93
87 94
87 96
87 97
87 100
87 101
87 102
87 103
87 105
87 106
87 107
87 108
87 109
87 110
87 112
87 113
87 115
87 117
87 124
87 128
87 132
87 134
87 135
87 139
88 94
88 97
88 99
88 103
88 104
88 109
88 113
88 117
88 120
88 124
88 125
88 126
88 130
88 133
88 135
88 136
88 138
89 91
89 93
89 96
89 97
89 100
89 102
89 103
89 106
89 109
89 110
89 112
89 113
89 114
89 116
89 117
89 120
89 122
89 123
89 124
89 125
89 126
89 127
89 130
89 135
89 139
90 92
90 93
90 95
90 97
90 100
90 105
90 106
90 108
90 109
90 110
90 115
90 116
90 117
90 121
90 122
90 126
90 127
90 129
90 133
90 136
90 137
90 138
90 140
91 92
91 94
91 95
91 99
91 100
91 101
91 108
91 109
91 110
91 111
91 116
91 118
91 120
91 122
91 124
91 125
91 126
91 127
91 130
91 133
91 135
91 137
91 138
92 93
92 95
92 96
92 99
92 103
92 104
92 106
92 108
92 109
92 111
92 114
92 116
92 117
92 121
92 123
92 125
92 126
92 129
92 132
92 133
92 134
92 135
92 136
92 137
93 94
93 95
93 96
93 97
93 99
93 100
93 102
93 103
93 105
93 106
93 107
93 108
93 109
93 110
93 111
93 112
93 116
93 117
93 118
93 120
93 121
93 122
93 123
93 125
93 126
93 127
93 128
93 129
93 133
93 134
93 135
93 137
93 138
93 140
94 95
94 96
94 98
94 99
94 101
94 102
94 103
94 105
94 109
94 111
94 123
94 125
94 126
94 128
94 129
94 130
94 132
94 133
94 135
94 136
94 137
94 138
94 139
94 140
95 98
95 99
95 100
95 103
95 105
95 107
95 108
95 109
95 110
95 111
95 115
95 118
95 119
95 120
95 122
95 126
95 129
95 130
95 134
95 135
95 136
96 97
96 99
96 102
96 105
96 106
96 107
96 109
96 110
96 114
96 119
96 126
96 128
96 129
96 131
96 133
96 134
96 136
96 137
96 138
96 140
97 100
97 101
97 106
97 107
97 109
97 112
97 117
97 118
97 119
97 120
97 121
97 122
97 123
97 124
97 127
97 131
97 132
97 135
97 139
98 99
98 101
98 102
98 103
98 104
98 107
98 112
98 113
98 117
98 120
98 123
98 124
98 126
98 127
98 129
98 131
98 132
98 133
98 134
98 135
98 137
98 140
99 103
99 104
99 107
99 109
99 110
99 113
99 115
99 116
99 117
99 121
99 122
99 123
99 127
99 130
99 131
99 135
99 137
99 138
99 139
99 140
100 102
100 103
100 105
100 106
100 113
100 114
100 116
100 120
100 121
100 124
100 126
100 130
100 131
100 132
100 133
100 137
100 138
100 140
101 102
101 103
101 106
101 108
101 109
101 111
101 112
101 114
101 115
101 118
101 119
101 122
101 124
101 126
101 127
101 128
101 130
101 131
101 132
101 134
101 135
101 136
101 138
102 103
102 105
102 106
102 107
102 112
102 113
102 115
102 118
102 121
102 122
102 124
102 126
102 128
102 131
102 132
102 134
102 136
102 137
102 138
103 104
103 105
103 109
103 110
103 111
103 112
103 117
103 118
103 122
103 123
103 124
103 125
103 126
103 127
103 129
103 133
103 135
103 136
103 137
103 140
104 106
104 117
104 120
104 123
104 124
104 126
104 130
104 132
104 133
104 137
104 138
104 140
105 106
105 110
105 112
105 113
105 116
105 122
105 123
105 124
105 127
105 128
105 130
105 134
105 135
105 137
105 138
105 140
106 110
106 111
106 112
106 113
106 115
106 116
106 119
106 120
106 122
106 123
106 124
106 127
106 128
106 133
106 135
106 136
106 138
106 140
107 109
107 110
107 111
107 113
107 115
107 117
107 119
107 120
107 122
107 128
107 129
107 130
107 134
107 137
107 140
108 109
108 112
108 113
108 114
108 115
108 118
108 122
108 124
108 125
108 126
108 127
108 131
108 132
108 134
108 136
108 137
108 138
108 139
109 114
109 116
109 117
109 118
109 119
109 121
109 124
109 128
109 129
109 130
109 131
109 135
109 137
109 138
109 139
109 140
110 114
110 116
110 117
110 118
110 119
110 120
110 124
110 128
110 130
110 133
110 135
110 137
110 138
110 139
111 112
111 113
111 116
111 117
111 119
111 120
111 121
111 122
111 127
111 130
111 132
111 134
111 135
111 137
112 114
112 116
112 117
112 118
112 120
112 122
112 124
112 129
112 130
112 131
112 132
112 134
112 135
112 136
112 137
112 138
112 139
113 114
113 116
113 121
113 122
113 123
113 124
113 126
113 129
113 130
113 131
113 132
113 135
113 138
113 139
113 140
114 116
114 117
114 119
114 120
114 123
114 125
114 127
114 130
114 134
114 135
114 136
114 138
114 139
115 116
115 117
115 118
115 121
115 123
115 124
115 125
115 126
115 127
115 129
115 131
115 132
115 133
115 134
115 135
115 137
116 118
116 122
116 123
116 124
116 125
116 126
116 134
116 135
116 136
116 137
116 138
116 140
117 118
117 120
117 121
117 122
117 124
117 126
117 127
117 128
117 131
117 132
117 134
117 138
117 139
118 119
118 120
118 121
118 122
118 126
118 128
118 133
118 135
119 120
119 123
119 125
119 126
119 127
119 128
119 129
119 132
119 133
119 135
119 137
119 140
120 121
120 124
120 126
120 128
120 129
120 134
120 135
120 136
120 137
120 139
120 140
121 126
121 128
121 129
121 130
121 134
121 137
121 138
122 123
122 124
122 126
122 127
122 129
122 130
122 134
122 135
122 137
122 138
123 130
123 132
123 135
123 140
124 127
124 128
124 129
124 130
124 133
124 136
124 140
125 126
125 134
125 137
125 138
125 139
125 140
126 127
126 128
126 129
126 133
126 134
126 136
127 128
127 130
127 131
127 132
127 134
127 135
127 137
127 138
127 140
128 131
128 133
128 134
128 135
128 136
128 137
128 139
128 140
129 130
129 132
129 134
129 135
129 139
129 140
130 132
130 135
130 136
130 137
130 138
131 132
131 139
132 133
132 138
132 139
133 136
133 137
133 138
133 139
134 135
134 139
135 136
135 137
135 138
135 139
135 140
136 138
136 139
137 138
137 140
139 140
