1 2
1 5
1 7
1 8
1 11
1 12
1 13
1 14
1 15
1 16
1 18
1 20
1 21
1 23
1 26
1 30
1 31
1 33
1 34
1 35
1 36
1 37
1 39
1 41
1 45
1 46
1 47
1 50
1 53
1 55
1 58
1 60
1 64
1 65
1 66
1 67
1 68
1 70
1 71
1 72
1 73
1 74
1 80
2 3
2 4
2 5
2 7
2 10
2 11
2 13
2 17
2 18
2 19
2 20
2 21
2 24
2 28
2 29
2 30
2 31
2 32
2 34
2 35
2 36
2 37
2 40
2 41
2 44
2 45
2 46
2 48
2 51
2 52
2 54
2 55
2 58
2 59
2 64
2 65
2 67
2 69
2 73
2 75
2 77
2 80
3 6
3 7
3 8
3 9
3 10
3 12
3 13
3 19
3 26
3 29
3 30
3 31
3 33
3 37
3 44
3 45
3 49
3 50
3 55
3 56
3 58
3 59
3 60
3 63
3 64
3 66
3 70
3 74
3 75
3 76
3 77
3 78
3 80
4 7
4 8
4 9
4 10
4 11
4 13
4 14
4 15
4 17
4 19
4 21
4 22
4 23
4 24
4 27
4 30
4 33
4 34
4 36
4 37
4 46
4 48
4 51
4 54
4 55
4 56
4 57
4 58
4 60
4 61
4 67
4 69
4 71
4 72
4 74
4 76
4 78
5 6
5 9
5 14
5 15
5 18
5 22
5 23
5 28
5 29
5 33
5 36
5 37
5 38
5 40
5 45
5 48
5 49
5 50
5 52
5 54
5 56
5 59
5 61
5 63
5 65
5 67
5 69
5 70
5 71
5 73
5 74
5 79
6 8
6 11
6 12
6 13
6 14
6 17
6 19
6 20
6 21
6 24
6 25
6 27
6 29
6 33
6 34
6 35
6 36
6 37
6 42
6 43
6 44
6 45
6 48
6 51
6 53
6 57
6 58
6 61
6 62
6 63
6 68
6 70
6 74
6 76
6 77
6 78
6 79
6 80
7 8
7 9
7 10
7 11
7 14
7 15
7 17
7 18
7 20
7 21
7 22
7 23
7 24
7 25
7 28
7 29
7 30
7 31
7 32
7 33
7 34
7 35
7 39
7 42
7 44
7 45
7 48
7 50
7 51
7 52
7 54
7 55
7 57
7 59
7 62
7 65
7 67
7 68
7 69
7 70
7 71
7 74
7 76
7 78
7 79
8 10
8 12
8 13
8 14
8 15
8 16
8 19
8 23
8 25
8 27
8 33
8 34
8 35
8 36
8 44
8 45
8 48
8 53
8 55
8 60
8 61
8 63
8 64
8 66
8 67
8 69
8 70
8 71
8 73
8 74
8 76
8 77
8 78
8 79
8 80
9 10
9 11
9 16
9 18
9 21
9 25
9 27
9 28
9 30
9 33
9 34
9 35
9 36
9 37
9 38
9 41
9 42
9 44
9 45
9 46
9 47
9 51
9 52
9 53
9 56
9 57
9 58
9 59
9 61
9 66
9 69
9 70
9 75
9 76
9 78
9 79
10 11
10 14
10 19
10 20
10 23
10 26
10 27
10 30
10 31
10 35
10 36
10 37
10 40
10 42
10 43
10 46
10 50
10 51
10 52
10 55
10 56
10 57
10 64
10 65
10 67
10 68
10 72
10 73
10 76
11 13
11 15
11 17
11 19
11 22
11 23
11 24
11 26
11 27
11 28
11 31
11 32
11 34
11 36
11 37
11 38
11 40
11 43
11 44
11 46
11 47
11 48
11 49
11 50
11 56
11 58
11 61
11 62
11 63
11 65
11 66
11 67
11 68
11 69
11 70
11 71
11 73
11 74
11 75
11 77
11 80
12 13
12 14
12 18
12 22
12 23
12 24
12 25
12 26
12 27
12 31
12 32
12 33
12 34
12 38
12 39
12 42
12 43
12 45
12 46
12 47
12 48
12 51
12 55
12 57
12 58
12 59
12 64
12 68
12 70
12 73
12 74
12 75
12 78
12 79
13 14
13 15
13 16
13 18
13 22
13 23
13 24
13 25
13 27
13 28
13 30
13 31
13 32
13 35
13 37
13 39
13 41
13 42
13 46
13 47
13 49
13 50
13 51
13 52
13 55
13 57
13 60
13 61
13 63
13 68
13 71
13 72
13 73
13 80
14 16
14 17
14 18
14 19
14 21
14 23
14 24
14 26
14 29
14 30
14 31
14 32
14 33
14 37
14 39
14 40
14 43
14 47
14 49
14 55
14 56
14 58
14 59
14 60
14 62
14 63
14 64
14 65
14 66
14 67
14 68
14 69
14 70
14 71
14 72
14 73
14 74
14 75
14 76
14 77
14 79
14 80
15 17
15 20
15 25
15 28
15 30
15 31
15 32
15 33
15 34
15 35
15 36
15 38
15 40
15 42
15 45
15 47
15 48
15 49
15 51
15 53
15 58
15 60
15 61
15 62
15 64
15 70
15 72
15 76
15 77
15 79
15 80
16 17
16 18
16 19
16 21
16 25
16 27
16 28
16 31
16 32
16 34
16 38
16 46
16 48
16 50
16 52
16 53
16 55
16 56
16 57
16 59
16 64
16 65
16 68
16 70
16 71
16 74
16 75
16 78
16 80
17 18
17 19
17 20
17 22
17 28
17 30
17 31
17 32
17 33
17 36
17 37
17 38
17 42
17 43
17 45
17 46
17 47
17 49
17 50
17 52
17 55
17 58
17 60
17 62
17 64
17 65
17 68
17 69
17 71
17 74
17 75
17 77
17 80
18 19
18 20
18 23
18 24
18 25
18 26
18 28
18 31
18 32
18 33
18 34
18 35
18 37
18 39
18 42
18 44
18 46
18 47
18 48
18 49
18 50
18 52
18 54
18 57
18 59
18 60
18 61
18 63
18 66
18 67
18 68
18 70
18 74
18 77
19 20
19 28
19 29
19 30
19 31
19 32
19 33
19 37
19 39
19 41
19 44
19 48
19 50
19 51
19 53
19 55
19 56
19 58
19 59
19 60
19 61
19 62
19 65
19 74
19 77
20 21
20 22
20 23
20 24
20 25
20 27
20 29
20 30
20 31
20 34
20 35
20 36
20 37
20 38
20 40
20 45
20 46
20 48
20 49
20 50
20 51
20 52
20 53
20 54
20 55
20 56
20 59
20 62
20 64
20 66
20 67
20 68
20 71
20 76
20 77
20 79
20 80
21 22
21 23
21 24
21 27
21 29
21 30
21 32
21 33
21 35
21 37
21 40
21 41
21 42
21 43
21 46
21 47
21 48
21 51
21 53
21 55
21 57
21 61
21 64
21 66
21 67
21 68
21 72
21 74
21 76
21 78
22 25
22 27
22 28
22 29
22 31
22 35
22 37
22 42
22 43
22 45
22 46
22 47
22 48
22 49
22 51
22 52
22 54
22 55
22 58
22 59
22 60
22 62
22 64
22 65
22 66
22 67
22 70
22 71
22 72
22 73
22 74
22 75
22 76
22 77
22 79
23 28
23 29
23 31
23 36
23 38
23 39
23 44
23 45
23 52
23 53
23 61
23 62
23 64
23 65
23 66
23 68
23 69
23 71
23 72
23 76
23 77
23 78
24 28
24 29
24 33
24 36
24 38
24 39
24 41
24 43
24 44
24 50
24 53
24 54
24 56
24 57
24 60
24 61
24 65
24 66
24 68
24 70
24 71
24 73
24 77
24 78
24 79
25 26
25 29
25 30
25 31
25 33
25 37
25 38
25 39
25 40
25 41
25 43
25 44
25 46
25 47
25 48
25 50
25 51
25 52
25 53
25 56
25 57
25 59
25 60
25 62
25 63
25 67
25 68
25 71
25 73
25 80
26 28
26 30
26 31
26 32
26 34
26 38
26 42
26 43
26 45
26 52
26 58
26 62
26 63
26 64
26 67
26 70
26 72
26 73
26 78
26 80
27 32
27 33
27 34
27 35
27 36
27 39
27 43
27 44
27 45
27 48
27 51
27 52
27 53
27 54
27 56
27 61
27 63
27 66
27 70
27 71
27 73
27 74
27 79
27 80
28 29
28 30
28 31
28 32
28 33
28 34
28 36
28 38
28 39
28 40
28 43
28 44
28 46
28 47
28 48
28 49
28 51
28 54
28 56
28 60
28 64
28 66
28 67
28 71
28 72
28 73
28 74
28 76
28 77
28 79
28 80
29 30
29 32
29 33
29 35
29 37
29 40
29 41
29 42
29 43
29 47
29 48
29 49
29 51
29 59
29 61
29 63
29 64
29 65
29 67
29 70
29 71
29 72
29 73
29 75
29 76
29 78
29 80
30 32
30 35
30 37
30 38
30 43
30 44
30 45
30 47
30 48
30 51
30 52
30 55
30 56
30 58
30 60
30 62
30 63
30 64
30 65
30 67
30 71
30 72
30 73
30 74
30 76
30 77
30 79
30 80
31 35
31 37
31 40
31 42
31 45
31 48
31 49
31 51
31 52
31 53
31 57
31 58
31 59
31 61
31 62
31 65
31 66
31 67
31 68
31 69
31 70
31 74
32 35
32 38
32 39
32 40
32 41
32 44
32 47
32 48
32 50
32 53
32 54
32 60
32 61
32 62
32 63
32 64
32 65
32 66
32 67
32 68
32 70
32 71
32 75
32 78
32 79
33 35
33 36
33 45
33 46
33 48
33 49
33 51
33 53
33 56
33 57
33 63
33 65
33 67
33 69
33 70
33 72
33 76
33 80
34 38
34 39
34 40
34 41
34 42
34 43
34 44
34 46
34 48
34 50
34 52
34 53
34 55
34 58
34 60
34 61
34 62
34 64
34 65
34 66
34 67
34 68
34 70
34 71
34 72
34 73
34 76
34 77
34 78
34 79
35 36
35 37
35 38
35 40
35 43
35 45
35 46
35 47
35 49
35 50
35 57
35 58
35 59
35 60
35 62
35 63
35 64
35 66
35 69
35 72
35 75
36 41
36 42
36 43
36 45
36 47
36 48
36 51
36 54
36 56
36 57
36 60
36 61
36 62
36 63
36 65
36 68
36 69
36 71
36 73
36 74
36 76
36 77
36 79
36 80
37 39
37 41
37 42
37 43
37 49
37 52
37 53
37 54
37 55
37 57
37 59
37 62
37 63
37 64
37 67
37 68
37 69
37 70
37 71
37 72
37 74
37 75
37 77
37 78
37 80
38 39
38 41
38 46
38 51
38 53
38 58
38 59
38 60
38 62
38 63
38 64
38 67
38 68
38 71
38 73
38 74
38 79
39 47
39 48
39 49
39 52
39 54
39 55
39 56
39 57
39 59
39 69
39 71
39 72
39 73
39 74
39 76
39 78
39 80
40 41
40 42
40 43
40 45
40 46
40 50
40 54
40 56
40 59
40 63
40 64
40 68
40 69
40 70
40 72
40 74
40 75
40 77
40 80
41 42
41 44
41 48
41 49
41 50
41 51
41 53
41 55
41 60
41 61
41 62
41 64
41 65
41 66
41 68
41 69
41 70
41 71
41 74
41 76
41 78
42 46
42 47
42 50
42 53
42 54
42 56
42 58
42 59
42 60
42 64
42 69
42 70
42 71
42 73
42 77
42 78
42 80
43 44
43 45
43 48
43 55
43 56
43 64
43 65
43 67
43 68
43 69
43 70
43 73
43 77
43 78
43 79
43 80
44 45
44 47
44 49
44 50
44 52
44 54
44 56
44 58
44 60
44 61
44 62
44 64
44 65
44 70
44 71
44 73
44 74
44 77
44 79
45 47
45 48
45 50
45 51
45 52
45 54
45 56
45 57
45 58
45 59
45 60
45 61
45 62
45 63
45 64
45 69
45 70
45 72
45 73
45 74
45 75
45 78
45 79
45 80
46 47
46 49
46 50
46 51
46 52
46 53
46 55
46 57
46 58
46 61
46 62
46 67
46 69
46 72
46 75
46 76
46 78
46 80
47 49
47 51
47 53
47 54
47 56
47 59
47 61
47 63
47 69
47 75
47 76
48 49
48 51
48 53
48 54
48 55
48 56
48 58
48 59
48 61
48 65
48 66
48 67
48 68
48 69
48 72
48 73
48 76
48 79
48 80
49 50
49 51
49 52
49 53
49 55
49 56
49 57
49 60
49 63
49 64
49 70
49 71
49 73
49 78
49 79
49 80
50 52
50 53
50 54
50 60
50 62
50 64
50 65
50 67
50 69
50 72
50 75
50 77
50 80
51 54
51 55
51 57
51 60
51 61
51 64
51 68
51 70
51 74
51 75
51 76
51 78
51 79
51 80
52 53
52 55
52 57
52 58
52 61
52 64
52 65
52 67
52 70
52 72
52 73
52 75
52 79
53 54
53 57
53 58
53 60
53 61
53 62
53 67
53 68
53 69
53 70
53 71
53 72
53 74
53 80
54 55
54 58
54 60
54 62
54 66
54 68
54 70
54 71
54 73
54 75
54 77
55 56
55 58
55 60
55 61
55 62
55 64
55 65
55 66
55 70
55 71
55 72
55 77
56 57
56 61
56 62
56 64
56 67
56 70
56 71
56 75
56 77
56 78
56 79
57 58
57 59
57 60
57 61
57 63
57 68
57 69
57 74
57 77
57 78
57 79
58 59
58 60
58 67
58 70
58 71
58 74
58 75
58 78
58 79
59 60
59 61
59 62
59 70
59 72
59 73
59 74
59 75
59 76
59 78
59 79
59 80
60 61
60 70
60 72
60 74
60 77
60 79
61 62
61 64
61 65
61 66
61 73
61 74
61 75
61 77
61 79
61 80
62 63
62 65
62 67
62 72
62 73
62 75
62 76
62 78
62 79
63 65
63 67
63 68
63 73
63 74
63 77
63 78
63 79
63 80
64 65
64 69
64 70
64 71
64 75
64 77
64 79
64 80
65 75
65 77
65 79
66 67
66 69
66 71
66 72
66 73
66 74
66 75
66 78
66 79
67 71
67 72
67 74
67 75
67 77
67 78
67 79
68 69
68 70
68 71
68 74
68 75
68 79
69 70
69 71
69 75
69 79
70 71
70 73
70 74
70 76
70 80
71 72
71 73
71 74
71 77
71 78
71 79
71 80
72 74
72 75
72 76
72 77
72 78
72 79
72 80
73 74
73 75
73 77
73 78
73 79
73 80
74 76
75 76
75 78
75 79
75 80
76 77
76 79
76 80
78 80
