1 5
1 7
1 10
1 12
1 13
1 15
1 23
1 24
1 25
1 26
1 27
1 28
1 29
1 30
1 31
1 32
1 37
1 39
1 40
1 41
1 42
1 43
1 44
1 45
1 47
1 48
1 49
1 54
1 55
1 59
1 62
1 67
1 68
1 69
1 70
1 72
1 76
1 83
1 87
1 90
2 3
2 5
2 8
2 10
2 12
2 14
2 15
2 19
2 21
2 22
2 25
2 26
2 27
2 28
2 30
2 33
2 35
2 37
2 40
2 41
2 42
2 43
2 44
2 48
2 51
2 54
2 55
2 58
2 64
2 66
2 70
2 72
2 73
2 74
2 75
2 76
2 77
2 81
2 83
2 84
2 86
2 88
3 6
3 7
3 8
3 9
3 22
3 24
3 25
3 27
3 31
3 32
3 34
3 39
3 44
3 45
3 46
3 50
3 54
3 55
3 56
3 57
3 58
3 67
3 68
3 69
3 71
3 75
3 76
3 77
3 80
3 82
3 83
3 84
3 86
3 89
3 90
4 6
4 7
4 8
4 9
4 10
4 12
4 14
4 16
4 17
4 18
4 21
4 23
4 24
4 25
4 27
4 29
4 31
4 33
4 40
4 44
4 47
4 50
4 52
4 55
4 57
4 58
4 64
4 69
4 70
4 72
4 77
4 78
4 79
4 83
4 84
4 87
4 88
4 89
5 6
5 8
5 9
5 10
5 13
5 14
5 15
5 16
5 18
5 19
5 20
5 23
5 24
5 26
5 27
5 31
5 33
5 37
5 40
5 42
5 43
5 44
5 45
5 46
5 47
5 49
5 50
5 51
5 55
5 57
5 58
5 59
5 61
5 63
5 64
5 67
5 68
5 69
5 70
5 73
5 75
5 81
5 84
5 85
5 87
5 90
6 7
6 8
6 9
6 11
6 13
6 15
6 18
6 20
6 21
6 22
6 23
6 28
6 30
6 32
6 34
6 35
6 38
6 39
6 41
6 46
6 47
6 48
6 49
6 50
6 51
6 52
6 53
6 54
6 60
6 61
6 64
6 65
6 67
6 68
6 70
6 71
6 72
6 74
6 75
6 80
6 82
6 83
6 84
7 9
7 10
7 13
7 14
7 15
7 19
7 20
7 23
7 26
7 28
7 29
7 31
7 32
7 33
7 35
7 36
7 38
7 39
7 42
7 45
7 46
7 47
7 48
7 49
7 50
7 51
7 52
7 55
7 56
7 58
7 59
7 62
7 66
7 67
7 68
7 69
7 70
7 73
7 77
7 78
7 79
7 80
7 81
7 82
7 83
7 84
7 85
7 88
7 89
7 90
8 10
8 11
8 12
8 14
8 17
8 19
8 21
8 24
8 25
8 26
8 29
8 30
8 32
8 33
8 36
8 37
8 39
8 40
8 41
8 42
8 43
8 52
8 53
8 54
8 55
8 56
8 58
8 59
8 61
8 64
8 65
8 72
8 78
8 79
8 81
8 82
8 83
8 85
8 88
8 89
8 90
9 11
9 12
9 13
9 18
9 21
9 23
9 25
9 29
9 34
9 36
9 37
9 39
9 40
9 42
9 45
9 47
9 50
9 53
9 54
9 58
9 59
9 60
9 66
9 67
9 69
9 70
9 72
9 73
9 74
9 80
9 81
9 82
9 83
9 84
9 88
9 90
10 11
10 12
10 13
10 21
10 23
10 24
10 25
10 27
10 28
10 30
10 31
10 33
10 34
10 37
10 38
10 39
10 40
10 41
10 43
10 45
10 46
10 49
10 50
10 54
10 55
10 56
10 57
10 60
10 64
10 65
10 70
10 73
10 75
10 76
10 77
10 78
10 79
10 82
10 83
10 84
10 86
10 87
10 88
10 89
11 16
11 19
11 22
11 23
11 24
11 25
11 26
11 28
11 32
11 34
11 35
11 37
11 38
11 42
11 43
11 45
11 48
11 50
11 53
11 54
11 55
11 56
11 57
11 58
11 59
11 60
11 61
11 62
11 64
11 68
11 69
11 70
11 72
11 74
11 76
11 77
11 79
11 81
11 82
11 84
11 85
11 87
11 88
11 90
12 14
12 17
12 18
12 20
12 21
12 22
12 25
12 26
12 28
12 31
12 34
12 35
12 38
12 43
12 50
12 51
12 55
12 56
12 58
12 59
12 63
12 64
12 66
12 76
12 77
12 78
12 79
12 81
12 83
12 87
12 90
13 14
13 18
13 19
13 24
13 29
13 32
13 33
13 34
13 35
13 36
13 38
13 40
13 41
13 44
13 45
13 46
13 47
13 50
13 58
13 59
13 62
13 63
13 66
13 67
13 68
13 72
13 73
13 77
13 78
13 79
13 81
13 83
13 84
13 86
13 89
14 15
14 16
14 17
14 25
14 30
14 31
14 32
14 33
14 34
14 36
14 39
14 40
14 41
14 44
14 45
14 46
14 47
14 48
14 49
14 50
14 53
14 57
14 65
14 67
14 69
14 70
14 71
14 72
14 73
14 74
14 78
14 79
14 80
14 83
14 84
14 87
14 88
14 90
15 16
15 18
15 19
15 20
15 22
15 24
15 25
15 28
15 29
15 30
15 31
15 33
15 34
15 36
15 40
15 43
15 44
15 48
15 53
15 54
15 56
15 57
15 58
15 61
15 62
15 63
15 67
15 68
15 70
15 72
15 75
15 76
15 78
15 80
15 81
15 87
15 89
15 90
16 17
16 18
16 19
16 20
16 22
16 23
16 24
16 26
16 27
16 28
16 30
16 35
16 37
16 39
16 40
16 42
16 44
16 45
16 46
16 47
16 49
16 50
16 53
16 54
16 60
16 61
16 62
16 63
16 64
16 65
16 67
16 68
16 71
16 73
16 74
16 75
16 76
16 80
16 81
16 82
16 83
16 84
16 90
17 19
17 24
17 25
17 27
17 28
17 29
17 30
17 31
17 32
17 33
17 36
17 38
17 40
17 41
17 43
17 44
17 47
17 48
17 49
17 53
17 54
17 55
17 58
17 59
17 61
17 64
17 65
17 66
17 67
17 70
17 74
17 75
17 76
17 78
17 79
17 80
17 81
17 82
17 83
17 87
17 89
17 90
18 19
18 20
18 21
18 22
18 27
18 28
18 31
18 32
18 34
18 36
18 37
18 38
18 40
18 41
18 42
18 44
18 45
18 51
18 53
18 55
18 56
18 58
18 60
18 63
18 66
18 68
18 73
18 74
18 75
18 76
18 81
18 83
18 86
18 87
19 20
19 21
19 22
19 24
19 25
19 26
19 27
19 28
19 30
19 31
19 35
19 36
19 37
19 38
19 39
19 41
19 45
19 46
19 47
19 50
19 52
19 54
19 56
19 57
19 59
19 62
19 63
19 64
19 65
19 69
19 72
19 73
19 74
19 75
19 76
19 77
19 78
19 79
19 80
19 81
19 82
19 84
19 85
19 87
19 88
20 21
20 25
20 26
20 38
20 39
20 42
20 43
20 45
20 49
20 50
20 51
20 54
20 57
20 58
20 59
20 60
20 62
20 63
20 66
20 67
20 71
20 74
20 75
20 76
20 79
20 81
20 82
20 87
20 88
20 90
21 22
21 23
21 24
21 25
21 27
21 28
21 33
21 34
21 37
21 38
21 40
21 41
21 42
21 43
21 44
21 45
21 47
21 48
21 50
21 55
21 56
21 57
21 63
21 65
21 66
21 68
21 69
21 72
21 73
21 74
21 76
21 77
21 78
21 79
21 80
21 82
21 83
21 84
21 85
21 87
21 89
22 23
22 24
22 25
22 28
22 29
22 31
22 35
22 38
22 39
22 43
22 46
22 47
22 48
22 52
22 54
22 55
22 56
22 58
22 59
22 61
22 63
22 68
22 69
22 70
22 72
22 73
22 74
22 76
22 77
22 79
22 80
22 81
22 82
22 83
22 84
22 89
22 90
23 25
23 30
23 32
23 34
23 35
23 40
23 41
23 45
23 47
23 49
23 50
23 51
23 52
23 53
23 61
23 64
23 65
23 68
23 72
23 73
23 74
23 76
23 77
23 80
23 81
23 82
23 87
24 25
24 26
24 33
24 36
24 37
24 39
24 41
24 44
24 50
24 52
24 55
24 57
24 58
24 60
24 61
24 62
24 66
24 67
24 68
24 69
24 70
24 71
24 72
24 76
24 77
24 79
24 81
24 82
24 85
24 88
24 89
24 90
25 26
25 27
25 28
25 30
25 31
25 33
25 35
25 41
25 42
25 47
25 49
25 52
25 53
25 55
25 56
25 57
25 58
25 59
25 63
25 65
25 66
25 67
25 70
25 71
25 72
25 73
25 75
25 78
25 79
25 80
25 81
25 82
25 83
25 85
25 86
25 87
25 88
25 89
26 27
26 28
26 29
26 34
26 36
26 37
26 38
26 41
26 43
26 44
26 45
26 47
26 51
26 52
26 54
26 55
26 56
26 57
26 59
26 60
26 61
26 63
26 65
26 68
26 71
26 72
26 73
26 75
26 77
26 80
26 84
26 85
26 89
26 90
27 29
27 35
27 37
27 38
27 39
27 42
27 45
27 47
27 48
27 49
27 50
27 51
27 52
27 53
27 54
27 56
27 59
27 60
27 62
27 64
27 65
27 66
27 68
27 69
27 71
27 72
27 74
27 75
27 77
27 80
27 82
27 83
27 84
27 85
27 86
28 30
28 31
28 32
28 34
28 35
28 37
28 38
28 40
28 42
28 43
28 45
28 47
28 50
28 51
28 53
28 54
28 55
28 56
28 57
28 60
28 61
28 63
28 64
28 65
28 67
28 69
28 70
28 73
28 74
28 77
28 78
28 79
28 81
28 84
28 85
28 88
28 89
28 90
29 33
29 34
29 36
29 37
29 39
29 41
29 42
29 46
29 47
29 48
29 49
29 51
29 52
29 54
29 56
29 57
29 58
29 60
29 62
29 63
29 65
29 66
29 67
29 70
29 72
29 73
29 75
29 76
29 78
29 79
29 80
29 83
29 86
30 32
30 33
30 36
30 37
30 38
30 42
30 43
30 44
30 47
30 48
30 49
30 51
30 53
30 55
30 59
30 61
30 66
30 68
30 71
30 72
30 78
30 79
30 82
30 83
30 84
30 85
30 86
30 88
30 90
31 32
31 33
31 34
31 36
31 41
31 44
31 47
31 49
31 50
31 55
31 56
31 58
31 59
31 60
31 62
31 63
31 65
31 66
31 67
31 68
31 69
31 71
31 75
31 76
31 77
31 81
31 82
31 83
31 86
31 88
31 90
32 34
32 36
32 39
32 42
32 43
32 45
32 46
32 47
32 52
32 55
32 56
32 59
32 61
32 62
32 63
32 64
32 65
32 70
32 72
32 76
32 80
32 81
32 84
32 86
32 87
32 88
32 89
32 90
33 35
33 36
33 40
33 44
33 45
33 46
33 50
33 52
33 55
33 56
33 58
33 59
33 60
33 66
33 69
33 71
33 72
33 77
33 79
33 80
33 83
33 84
33 86
33 87
34 35
34 37
34 38
34 41
34 47
34 50
34 51
34 55
34 58
34 59
34 60
34 72
34 74
34 75
34 76
34 77
34 78
34 80
34 81
34 82
34 85
35 37
35 39
35 41
35 43
35 44
35 45
35 48
35 51
35 52
35 55
35 57
35 59
35 61
35 62
35 63
35 64
35 67
35 69
35 71
35 73
35 74
35 77
35 79
35 81
35 82
35 83
35 86
36 40
36 43
36 44
36 48
36 51
36 52
36 54
36 55
36 56
36 59
36 66
36 68
36 69
36 70
36 72
36 74
36 75
36 76
36 77
36 79
36 80
36 85
36 87
36 90
37 38
37 39
37 41
37 42
37 43
37 44
37 45
37 46
37 47
37 50
37 51
37 52
37 56
37 62
37 67
37 70
37 71
37 73
37 79
37 80
37 83
37 84
37 85
37 86
37 87
37 88
37 90
38 39
38 40
38 42
38 44
38 45
38 46
38 47
38 48
38 49
38 50
38 52
38 54
38 55
38 57
38 58
38 60
38 64
38 67
38 69
38 71
38 72
38 74
38 76
38 79
38 83
38 84
38 85
38 86
38 87
38 90
39 41
39 42
39 44
39 54
39 55
39 58
39 60
39 62
39 64
39 68
39 72
39 73
39 74
39 78
39 80
39 81
39 82
39 84
39 86
39 88
39 89
40 42
40 44
40 45
40 47
40 48
40 49
40 53
40 55
40 57
40 63
40 68
40 69
40 71
40 75
40 77
40 78
40 79
40 80
40 87
41 44
41 47
41 48
41 49
41 51
41 56
41 57
41 58
41 62
41 63
41 65
41 66
41 67
41 68
41 69
41 70
41 76
41 78
41 79
41 86
41 87
41 88
41 89
42 43
42 44
42 45
42 47
42 48
42 50
42 55
42 56
42 58
42 63
42 65
42 66
42 67
42 70
42 72
42 74
42 76
42 78
42 80
42 81
42 82
42 83
42 87
42 89
42 90
43 44
43 46
43 48
43 49
43 52
43 54
43 55
43 60
43 62
43 64
43 65
43 66
43 68
43 69
43 70
43 71
43 72
43 75
43 76
43 77
43 78
43 79
43 81
43 84
43 86
43 87
43 88
43 90
44 45
44 46
44 48
44 55
44 56
44 58
44 59
44 61
44 62
44 64
44 65
44 66
44 67
44 69
44 70
44 74
44 75
44 76
44 78
44 79
44 80
44 82
44 84
44 86
44 87
44 89
45 47
45 49
45 51
45 52
45 54
45 55
45 59
45 66
45 70
45 71
45 73
45 75
45 78
45 79
45 80
45 82
45 83
45 84
45 85
45 86
46 47
46 50
46 54
46 60
46 61
46 62
46 63
46 68
46 72
46 73
46 75
46 76
46 77
46 79
46 80
46 81
46 84
46 85
46 88
46 90
47 48
47 51
47 52
47 54
47 55
47 56
47 57
47 58
47 60
47 61
47 62
47 65
47 67
47 68
47 70
47 71
47 72
47 75
47 77
47 78
47 82
47 83
47 84
47 88
47 90
48 49
48 51
48 52
48 53
48 55
48 57
48 58
48 59
48 64
48 66
48 67
48 68
48 71
48 72
48 73
48 76
48 80
48 81
48 84
48 85
48 86
48 90
49 51
49 52
49 53
49 54
49 55
49 56
49 58
49 60
49 68
49 69
49 70
49 72
49 73
49 74
49 76
49 79
49 84
49 87
49 89
50 54
50 55
50 56
50 58
50 60
50 62
50 67
50 68
50 70
50 71
50 72
50 73
50 75
50 76
50 78
50 80
50 82
50 83
50 85
50 90
51 54
51 58
51 60
51 65
51 67
51 70
51 71
51 76
51 78
51 80
51 85
51 88
51 89
51 90
52 54
52 56
52 57
52 58
52 59
52 61
52 62
52 65
52 67
52 68
52 72
52 73
52 75
52 76
52 77
52 80
52 81
52 82
52 83
52 85
52 88
53 56
53 60
53 61
53 63
53 64
53 68
53 73
53 74
53 75
53 76
53 78
53 83
53 84
53 87
53 88
54 56
54 58
54 59
54 60
54 61
54 62
54 63
54 64
54 66
54 69
54 71
54 74
54 75
54 77
54 78
54 80
54 86
54 89
54 90
55 56
55 57
55 58
55 59
55 63
55 64
55 65
55 66
55 68
55 69
55 77
55 78
55 82
55 86
56 60
56 61
56 63
56 65
56 66
56 67
56 69
56 70
56 72
56 74
56 75
56 78
56 79
56 81
56 83
56 86
56 87
56 88
56 89
57 59
57 62
57 64
57 70
57 71
57 72
57 73
57 79
57 80
57 84
57 88
57 89
57 90
58 62
58 63
58 65
58 68
58 69
58 70
58 71
58 72
58 73
58 76
58 78
58 80
58 81
58 82
58 83
58 84
58 85
58 90
59 60
59 61
59 64
59 65
59 67
59 68
59 69
59 73
59 75
59 77
59 78
59 79
59 80
59 86
59 87
60 61
60 63
60 65
60 66
60 70
60 72
60 73
60 74
60 77
60 79
60 81
60 83
60 84
60 87
60 88
61 62
61 63
61 64
61 65
61 66
61 67
61 68
61 70
61 76
61 77
61 78
61 83
61 84
61 86
61 88
61 89
62 63
62 65
62 67
62 68
62 71
62 75
62 76
62 80
62 81
62 82
62 83
62 85
62 87
62 88
62 89
63 64
63 65
63 68
63 70
63 71
63 72
63 73
63 79
63 80
63 83
63 84
63 85
63 86
63 87
63 88
64 66
64 74
64 75
64 76
64 77
64 78
64 79
64 81
64 82
64 83
64 88
65 68
65 70
65 71
65 73
65 74
65 75
65 76
65 78
65 79
65 80
65 86
65 88
65 89
66 67
66 68
66 69
66 70
66 71
66 73
66 75
66 76
66 79
66 81
66 84
66 85
66 86
66 87
66 88
66 89
67 68
67 69
67 70
67 73
67 74
67 75
67 76
67 77
67 80
67 86
67 87
67 88
67 89
68 75
68 76
68 77
68 79
68 80
68 83
68 85
68 87
68 88
68 89
68 90
69 70
69 71
69 72
69 74
69 75
69 76
69 77
69 78
69 79
69 81
69 82
69 83
69 88
70 71
70 72
70 73
70 75
70 76
70 79
70 80
70 81
70 86
70 87
70 88
70 89
71 73
71 75
71 76
71 81
71 83
71 87
71 88
71 89
72 73
72 75
72 76
72 77
72 80
72 83
72 86
72 87
72 88
73 78
73 81
73 82
73 85
73 88
73 90
74 76
74 77
74 78
74 79
74 84
74 86
74 87
74 88
74 90
75 76
75 78
75 82
75 83
75 87
75 90
76 81
76 82
76 83
76 84
76 86
76 89
76 90
77 79
77 81
77 85
77 86
77 88
77 89
77 90
78 81
78 83
78 87
78 89
78 90
79 80
79 81
79 82
79 84
79 87
79 88
79 89
79 90
80 81
80 82
80 86
80 87
80 88
80 90
81 83
81 84
81 85
81 86
81 87
81 90
82 83
82 84
82 86
82 88
82 89
83 85
83 86
83 87
83 90
84 85
84 86
84 88
84 89
84 90
85 87
85 90
87 89
87 90
88 89
88 90
89 90
