1 3
1 5
1 7
1 8
1 14
1 15
1 16
1 18
1 19
1 20
2 3
2 4
2 6
2 7
2 8
2 9
2 14
2 15
2 16
2 17
2 18
2 19
3 6
3 7
3 11
3 12
3 13
3 15
3 17
3 20
4 5
4 6
4 8
4 9
4 10
4 13
4 14
4 17
4 19
5 6
5 7
5 9
5 10
5 13
5 14
5 17
5 18
6 9
6 11
6 13
6 14
6 17
6 18
6 19
6 20
7 14
7 15
7 17
7 19
8 14
8 15
8 18
8 19
8 20
9 10
9 12
9 14
9 15
9 16
9 17
9 18
9 19
10 12
10 13
10 14
10 15
10 17
10 18
10 19
11 12
11 13
11 16
11 19
11 20
12 17
13 17
13 18
13 19
13 20
14 15
14 16
14 17
14 18
14 20
15 17
15 20
16 17
17 19
18 20
19 20
