51 34
51 25
51 16
51 3
51 15
51 37
51 58
51 19
51 69
51 49
51 12
51 18
51 28
51 78
51 55
51 53
51 30
51 72
51 71
51 68
51 47
51 7
51 54
51 13
51 46
51 35
25 33
25 74
25 72
25 13
25 48
25 46
25 40
25 2
25 34
25 3
25 38
25 64
25 30
25 36
25 18
25 23
25 77
25 61
25 49
33 30
33 72
33 55
33 48
33 9
33 74
33 39
33 27
33 23
33 50
33 32
33 24
33 42
33 62
33 41
33 63
33 29
30 61
30 21
30 39
30 43
30 57
30 53
30 13
30 41
30 31
30 8
30 54
30 28
30 29
30 9
30 19
30 76
30 20
30 11
30 56
30 55
30 27
30 42
30 10
30 14
30 4
30 65
30 58
30 70
30 1
61 53
61 17
61 49
61 6
61 4
61 26
61 3
61 7
61 62
61 20
61 59
61 64
61 69
61 40
61 66
61 63
61 28
61 32
61 79
61 68
61 74
61 67
61 22
61 27
53 22
53 11
53 66
53 9
53 63
53 37
53 32
53 55
53 54
53 26
53 78
53 4
53 24
53 41
53 70
53 21
53 57
22 73
22 55
22 54
22 46
22 44
22 35
22 50
22 66
22 5
22 76
22 48
22 16
22 7
22 41
22 29
22 49
22 68
22 9
22 36
22 67
22 40
22 11
22 19
22 38
22 20
22 42
22 57
22 69
22 64
22 14
22 15
22 4
22 1
22 70
22 62
22 45
22 21
22 78
22 18
22 8
22 13
22 47
22 74
22 52
22 37
22 75
22 17
22 34
73 46
73 41
73 19
73 54
73 40
73 76
73 23
73 14
73 69
73 37
73 32
73 55
73 18
73 34
73 3
73 62
73 11
73 6
73 72
46 20
46 2
46 6
46 28
46 21
46 47
46 67
46 69
46 5
46 36
46 77
46 44
46 43
46 74
46 75
46 65
46 13
46 57
46 76
46 63
46 45
46 3
46 19
46 14
46 66
46 68
46 54
46 78
20 76
20 71
20 14
20 75
20 37
20 19
20 63
20 42
20 28
20 56
20 39
20 12
20 64
20 1
20 77
20 60
76 42
76 41
76 66
76 4
76 7
76 79
76 59
76 78
76 49
76 34
76 62
76 43
76 26
76 31
76 64
76 11
76 68
76 45
76 10
76 12
76 69
76 70
76 18
76 19
76 72
42 10
42 67
42 75
42 60
42 55
42 41
42 5
42 54
42 28
42 36
42 49
42 66
42 2
42 26
42 23
42 19
42 24
42 63
42 34
10 57
10 14
10 24
10 78
10 27
10 69
10 60
10 70
10 56
10 75
10 62
10 36
10 64
10 35
10 38
10 39
10 21
10 16
10 71
10 63
10 32
10 1
10 3
10 58
10 5
57 11
57 39
57 68
57 60
57 58
57 5
57 23
57 1
57 49
57 2
57 29
57 78
57 17
57 59
57 19
57 12
57 67
57 56
57 24
11 31
11 77
11 71
11 35
11 16
11 17
11 74
11 37
11 66
11 7
11 2
11 27
11 14
11 48
11 56
11 79
11 6
11 69
11 70
11 65
11 55
11 4
11 40
11 21
11 3
11 54
31 69
31 45
31 50
31 38
31 79
31 1
31 21
31 41
31 26
31 29
31 13
31 15
31 67
31 71
31 78
31 37
31 2
69 68
69 55
69 9
69 43
69 2
69 58
69 38
69 52
69 49
69 48
69 70
69 62
69 67
69 65
69 35
68 2
68 27
68 8
68 47
68 21
68 41
68 49
68 1
68 63
68 28
68 24
68 7
68 9
68 64
68 79
68 74
68 67
68 43
68 32
2 64
2 77
2 41
2 40
2 80
2 6
2 62
2 78
2 5
2 26
2 17
2 56
2 37
2 13
2 16
2 72
2 35
2 43
2 49
2 12
2 54
2 32
2 45
2 66
64 28
64 19
64 5
64 71
64 55
64 60
64 15
64 78
64 17
64 58
64 77
64 63
64 67
64 9
28 72
28 18
28 45
28 71
28 60
28 13
28 26
28 37
28 7
28 6
28 65
28 17
72 56
72 3
72 66
72 1
72 4
72 60
72 6
72 8
72 7
72 52
72 16
72 35
72 47
72 38
72 39
72 15
72 12
72 59
72 18
72 58
72 75
56 14
56 15
56 45
56 12
56 27
56 7
56 40
56 75
56 60
56 41
56 8
56 71
56 44
56 5
56 1
14 15
14 29
14 5
14 26
14 9
14 24
14 54
14 80
14 49
14 48
14 75
14 79
14 40
14 63
14 27
14 60
14 43
14 34
14 16
14 13
14 67
14 35
14 66
14 23
14 50
14 3
15 4
15 60
15 29
15 55
15 80
15 40
15 26
15 70
15 18
15 44
15 27
15 79
15 23
15 34
15 75
15 3
15 36
4 77
4 36
4 13
4 74
4 23
4 43
4 45
4 63
4 67
4 5
4 19
4 44
77 60
77 70
77 50
77 16
77 80
77 40
77 54
77 78
77 67
60 1
60 75
60 49
60 45
60 16
60 5
60 71
60 6
60 24
60 52
60 21
60 17
60 41
1 70
1 9
1 71
1 78
1 55
1 66
1 49
1 3
1 54
1 7
1 19
1 58
1 67
1 36
1 17
1 43
70 39
70 3
70 6
70 59
70 44
70 27
70 50
70 5
70 32
70 34
70 63
70 65
70 48
70 35
39 24
39 49
39 74
39 23
39 66
39 34
39 80
39 62
39 58
24 43
24 26
24 63
24 29
24 7
24 67
24 34
24 52
24 38
24 8
24 5
24 21
24 12
24 48
24 54
24 44
24 36
24 9
24 41
24 19
24 50
43 65
43 78
43 19
43 67
43 59
43 62
43 40
43 3
43 17
43 27
43 13
43 44
65 38
65 21
65 32
65 5
65 75
65 49
65 48
65 3
65 67
65 66
65 6
65 7
65 13
65 80
65 34
38 62
38 75
38 5
38 79
38 26
38 41
38 55
38 3
38 6
38 32
38 21
38 34
38 48
38 67
62 45
62 18
62 36
62 47
62 74
62 50
62 26
62 27
62 55
62 80
62 37
45 48
45 52
45 66
45 55
45 50
45 27
45 34
45 36
45 47
45 40
45 12
45 75
45 13
45 49
45 18
45 63
45 23
45 3
48 21
48 6
48 8
48 66
48 75
48 80
48 18
48 67
48 37
21 78
21 52
21 40
21 3
21 50
21 71
21 36
21 63
21 6
21 7
21 32
21 59
21 79
78 18
78 5
78 59
78 74
78 44
78 58
78 79
78 71
78 47
78 8
78 3
78 66
78 17
78 19
18 8
18 3
18 44
18 29
18 75
18 6
18 47
18 80
18 7
18 59
18 63
18 49
8 49
8 58
8 36
8 79
8 32
8 26
8 29
8 6
8 27
8 5
8 75
8 59
8 55
49 55
49 59
49 79
49 32
49 3
49 58
49 9
49 34
55 54
55 79
55 16
55 6
55 27
55 41
55 75
55 34
55 67
54 44
54 75
54 50
54 34
54 35
54 36
54 16
54 66
54 27
54 40
54 58
54 52
44 12
44 80
44 67
44 75
44 32
44 29
44 19
44 47
44 79
12 13
12 5
12 41
12 26
12 19
12 29
12 67
12 47
12 40
12 79
12 52
12 71
13 47
13 71
13 58
13 32
13 27
13 75
13 17
13 66
47 74
47 36
47 27
47 58
47 6
47 17
47 80
47 3
47 59
47 75
47 67
47 34
47 79
47 16
74 32
74 79
74 23
74 26
74 29
74 63
32 23
32 29
32 7
32 17
32 27
32 9
23 36
23 40
23 9
23 80
23 50
23 59
23 26
23 19
23 27
23 7
23 75
23 37
36 29
36 52
36 50
36 58
36 7
36 35
36 79
36 19
36 5
36 40
36 37
36 6
29 26
29 6
29 16
29 34
29 41
26 67
26 37
26 80
26 75
26 35
26 3
26 59
67 16
67 6
67 17
67 66
67 9
67 40
67 63
16 9
16 40
16 27
16 35
16 19
16 41
16 75
16 34
9 58
9 79
9 75
9 40
9 50
9 35
9 17
58 79
58 6
58 59
58 27
58 3
58 37
58 71
79 7
79 27
79 17
79 34
79 37
79 50
7 27
7 71
7 17
7 6
7 66
7 52
7 37
7 80
7 34
7 59
27 80
27 59
27 66
27 52
27 34
27 3
80 52
80 63
80 3
52 59
52 34
52 35
52 66
52 40
59 37
59 34
59 66
59 17
59 71
59 40
37 6
37 75
6 41
6 35
6 5
41 71
41 66
41 34
71 19
71 40
19 40
19 35
19 50
40 50
40 63
40 3
40 17
50 66
50 63
50 3
66 35
35 75
35 5
35 3
35 17
75 3
3 17
3 34
3 5
17 5
17 63
5 63
63 34
