54 18
54 90
54 22
54 11
54 10
54 104
54 39
54 3
54 37
54 62
54 73
54 15
54 24
54 57
54 89
54 21
54 1
54 93
54 7
54 71
54 88
54 13
54 43
54 98
54 30
54 84
54 77
54 68
54 101
54 14
54 78
54 59
54 38
54 75
54 74
54 82
54 72
54 46
54 106
54 92
54 52
54 80
54 63
54 97
54 2
54 45
54 61
54 103
54 50
54 94
54 70
54 102
54 12
54 96
54 32
54 64
54 58
54 108
54 27
54 35
54 16
54 79
54 34
54 8
54 85
54 44
54 9
54 41
54 86
54 29
54 100
54 110
90 38
90 41
90 95
90 31
90 37
90 77
90 50
90 11
90 51
90 1
90 14
90 26
90 3
90 18
90 27
90 79
90 58
90 40
90 85
90 6
90 84
90 110
90 25
90 57
90 15
90 33
90 49
90 32
90 86
90 89
90 24
90 93
90 43
90 59
90 104
90 75
90 98
90 68
90 21
38 89
38 49
38 42
38 11
38 27
38 56
38 4
38 58
38 33
38 107
38 18
38 97
38 60
38 81
38 70
38 37
38 74
38 106
38 14
38 12
38 8
38 85
38 31
38 98
38 77
38 36
38 76
38 53
38 101
38 104
38 28
38 13
38 96
38 95
89 76
89 39
89 22
89 15
89 48
89 105
89 83
89 46
89 16
89 49
89 10
89 81
89 73
89 12
89 26
89 65
89 87
89 33
89 74
89 44
89 47
89 82
89 55
89 110
89 35
89 97
89 75
89 18
89 103
76 26
76 43
76 3
76 59
76 32
76 48
76 15
76 60
76 74
76 98
76 79
76 4
76 45
76 94
76 12
76 83
76 35
76 2
76 52
76 95
76 47
76 104
76 27
76 101
26 24
26 34
26 83
26 66
26 56
26 4
26 84
26 64
26 25
26 33
26 45
26 10
26 67
26 86
26 40
26 12
26 79
26 36
26 78
26 69
26 7
26 70
26 47
26 85
26 80
26 93
26 2
26 39
26 11
26 8
26 1
24 93
24 64
24 6
24 4
24 105
24 57
24 103
24 21
24 29
24 48
24 56
24 42
24 94
24 28
24 97
24 23
24 73
24 36
24 86
24 102
24 44
24 1
24 82
24 33
24 53
24 39
24 80
93 53
93 40
93 41
93 105
93 49
93 97
93 57
93 107
93 70
93 62
93 95
93 30
93 11
93 31
93 72
93 96
93 37
93 33
93 3
93 14
93 68
93 78
93 92
93 4
93 79
93 12
93 27
93 46
93 56
93 61
53 22
53 13
53 21
53 39
53 2
53 71
53 59
53 32
53 80
53 47
53 78
53 50
53 74
53 100
53 49
53 43
53 48
53 110
53 41
53 5
53 65
22 46
22 86
22 84
22 48
22 78
22 83
22 50
22 21
22 30
22 64
22 52
22 85
22 49
22 71
22 32
22 47
22 65
22 2
22 109
22 17
22 33
22 91
22 44
46 82
46 73
46 57
46 66
46 27
46 23
46 103
46 11
46 65
46 42
46 71
46 102
46 12
46 49
46 64
46 2
46 6
46 34
46 15
46 85
46 56
46 107
46 70
46 94
46 78
46 45
46 44
46 74
46 98
46 13
82 30
82 37
82 110
82 86
82 109
82 11
82 62
82 85
82 48
82 43
82 104
82 17
82 2
82 29
82 31
82 98
82 64
82 67
82 9
82 103
82 39
82 100
82 28
82 101
82 13
82 60
82 95
82 77
30 77
30 34
30 61
30 1
30 104
30 85
30 108
30 29
30 18
30 14
30 48
30 32
30 57
30 6
30 10
30 98
30 106
30 27
30 49
30 100
30 51
30 87
30 74
30 37
30 25
30 15
30 109
30 78
30 67
30 86
30 88
30 80
30 59
30 101
30 99
30 94
77 56
77 105
77 103
77 65
77 60
77 107
77 16
77 10
77 88
77 42
77 48
77 62
77 23
77 47
77 85
77 1
77 64
77 3
77 28
77 92
77 106
77 45
77 69
77 27
77 14
77 84
77 18
56 81
56 104
56 58
56 10
56 39
56 84
56 70
56 85
56 45
56 44
56 3
56 87
56 14
56 42
56 80
56 34
56 66
56 7
56 68
56 94
56 27
56 67
56 101
56 55
56 88
56 25
56 15
56 97
81 106
81 49
81 44
81 36
81 45
81 79
81 31
81 88
81 68
81 58
81 67
81 51
81 13
81 80
81 73
81 52
81 18
81 1
81 35
81 16
81 59
81 97
81 107
81 19
81 8
81 42
81 95
81 96
81 55
81 5
81 61
81 70
81 105
81 92
81 43
106 92
106 73
106 98
106 105
106 102
106 91
106 16
106 9
106 87
106 35
106 57
106 36
106 42
106 69
106 85
106 21
106 47
106 18
106 84
106 45
106 23
106 5
106 70
106 58
106 103
106 97
106 79
106 6
106 59
106 7
106 55
106 20
106 3
92 10
92 43
92 71
92 55
92 29
92 108
92 65
92 91
92 8
92 45
92 58
92 13
92 4
92 67
92 33
92 83
92 1
92 96
92 88
92 101
92 11
92 86
92 51
10 52
10 41
10 69
10 37
10 108
10 4
10 9
10 84
10 48
10 43
10 87
10 27
10 103
10 61
10 59
10 60
10 32
10 64
10 6
10 101
10 66
10 40
10 63
10 12
10 105
10 31
10 86
52 80
52 60
52 73
52 17
52 102
52 32
52 6
52 100
52 70
52 19
52 29
52 64
52 12
52 45
52 42
52 41
52 74
52 3
52 28
52 36
52 78
52 15
52 94
52 8
52 4
80 7
80 50
80 109
80 101
80 61
80 5
80 66
80 85
80 13
80 19
80 96
80 17
80 27
80 32
80 83
80 62
80 98
80 16
80 25
80 36
80 55
80 8
80 79
80 63
80 49
80 72
80 2
80 18
80 23
80 107
80 105
80 39
80 71
80 91
7 63
7 60
7 18
7 62
7 31
7 34
7 28
7 27
7 51
7 107
7 50
7 64
7 3
7 97
7 2
7 39
7 87
7 83
7 15
7 11
7 21
63 1
63 29
63 43
63 17
63 18
63 99
63 23
63 45
63 105
63 74
63 83
63 32
63 97
63 70
63 34
63 55
63 98
63 50
63 47
63 57
63 19
63 91
63 40
63 13
1 97
1 95
1 8
1 27
1 55
1 2
1 58
1 104
1 57
1 39
1 37
1 29
1 68
1 66
1 91
1 49
1 13
1 48
1 78
1 40
1 43
97 2
97 42
97 32
97 62
97 25
97 60
97 101
97 35
97 28
97 18
97 13
97 3
97 110
97 27
97 64
97 57
97 79
97 9
97 87
97 16
97 5
97 21
97 50
97 34
97 68
97 19
97 29
2 45
2 57
2 34
2 103
2 48
2 99
2 85
2 98
2 16
2 91
2 51
2 83
2 95
2 58
2 49
2 14
2 100
2 86
2 102
45 39
45 48
45 95
45 34
45 14
45 35
45 71
45 49
45 67
45 17
45 72
45 108
45 58
45 59
45 31
45 5
45 3
45 32
45 19
45 65
45 43
45 8
45 4
45 109
45 87
45 84
45 28
45 40
39 61
39 28
39 44
39 59
39 33
39 88
39 36
39 72
39 50
39 41
39 98
39 4
39 5
39 84
39 20
39 43
39 19
39 48
39 110
39 91
39 101
39 55
39 74
39 18
39 99
39 14
39 94
39 31
39 86
61 91
61 14
61 58
61 88
61 95
61 48
61 102
61 28
61 108
61 60
61 84
61 66
61 16
61 94
61 72
61 96
61 41
61 110
61 37
61 29
61 4
61 43
61 5
61 13
61 35
91 60
91 42
91 23
91 103
91 8
91 21
91 73
91 18
91 66
91 50
91 88
91 43
91 75
91 86
91 57
91 31
91 68
91 40
91 28
91 110
91 49
91 79
91 6
91 16
91 78
91 12
91 94
60 23
60 48
60 70
60 51
60 36
60 21
60 101
60 31
60 62
60 66
60 68
60 41
60 13
60 5
60 85
60 55
60 50
60 109
60 19
60 75
60 32
60 43
60 20
60 8
23 73
23 88
23 12
23 3
23 108
23 21
23 16
23 14
23 107
23 41
23 94
23 104
23 72
23 70
23 69
23 18
23 47
23 65
23 51
23 17
73 4
73 98
73 51
73 79
73 27
73 64
73 87
73 104
73 42
73 49
73 72
73 12
73 103
73 25
73 59
73 48
73 43
73 68
73 47
73 67
73 35
73 109
73 36
4 103
4 20
4 95
4 36
4 96
4 47
4 101
4 72
4 29
4 64
4 17
4 67
4 109
4 28
4 83
4 98
4 11
4 66
4 49
4 9
4 55
4 40
103 50
103 71
103 102
103 8
103 21
103 51
103 34
103 67
103 70
103 17
103 83
103 64
103 69
103 96
103 16
103 36
103 6
103 32
103 84
103 98
50 94
50 48
50 31
50 12
50 69
50 41
50 42
50 86
50 104
50 28
50 108
50 55
50 33
50 13
50 3
50 102
50 47
50 25
50 78
50 43
50 15
50 110
50 68
50 58
50 74
50 88
94 70
94 66
94 14
94 75
94 40
94 33
94 51
94 88
94 98
94 105
94 20
94 42
94 71
94 36
94 99
94 86
94 37
94 83
94 17
94 27
94 55
94 104
70 102
70 48
70 33
70 109
70 75
70 79
70 18
70 107
70 34
70 36
70 88
70 78
70 110
70 20
70 68
70 58
70 83
70 13
70 47
70 69
70 44
70 95
70 14
70 11
70 12
70 37
102 14
102 28
102 19
102 16
102 74
102 59
102 79
102 57
102 31
102 88
102 13
102 71
102 100
102 37
102 96
102 99
102 51
102 18
102 47
102 83
14 43
14 108
14 72
14 74
14 3
14 20
14 9
14 78
14 35
14 83
14 67
14 6
14 100
14 68
14 79
14 21
14 42
14 105
14 16
43 12
43 79
43 36
43 42
43 65
43 20
43 5
43 64
43 29
43 31
43 74
43 71
43 110
43 44
43 27
43 40
43 85
43 35
12 19
12 59
12 88
12 105
12 32
12 75
12 34
12 100
12 110
12 49
12 8
12 17
12 86
12 11
12 6
12 58
12 95
12 47
12 20
19 96
19 13
19 31
19 99
19 35
19 49
19 72
19 44
19 98
19 28
19 78
19 40
19 64
19 88
19 59
19 75
19 86
19 42
96 32
96 104
96 8
96 29
96 58
96 75
96 18
96 48
96 34
96 100
96 5
96 40
96 85
96 83
96 20
96 42
96 78
96 11
96 88
96 31
96 66
96 6
96 74
96 21
96 65
96 41
96 67
32 107
32 83
32 99
32 75
32 95
32 87
32 98
32 84
32 11
32 27
32 42
32 8
32 18
32 35
32 66
32 17
32 41
32 65
107 64
107 85
107 69
107 108
107 88
107 104
107 86
107 44
107 101
107 28
107 36
107 71
107 41
107 58
107 20
107 83
107 27
107 100
107 72
107 47
64 58
64 88
64 41
64 101
64 71
64 65
64 35
64 83
64 13
64 78
64 40
64 79
64 51
64 95
64 18
64 48
64 29
58 37
58 66
58 74
58 13
58 31
58 62
58 51
58 6
58 15
58 5
58 71
58 25
58 67
58 75
58 84
58 108
58 42
37 55
37 33
37 84
37 35
37 5
37 109
37 65
37 51
37 13
37 49
37 48
37 67
37 40
37 29
37 6
37 69
37 110
37 99
37 15
55 49
55 48
55 21
55 71
55 51
55 25
55 84
55 8
55 34
55 59
55 31
55 42
49 6
49 109
49 66
49 40
49 88
49 86
49 51
49 33
49 15
49 35
49 68
49 47
49 18
49 44
49 105
49 99
49 29
49 108
49 16
49 17
49 72
49 13
6 108
6 71
6 62
6 74
6 110
6 21
6 69
6 85
6 72
6 67
6 65
6 42
6 29
6 99
6 9
6 28
6 18
108 13
108 28
108 15
108 98
108 57
108 109
108 36
108 9
108 31
108 87
108 47
108 88
108 104
13 11
13 79
13 67
13 29
13 74
13 105
13 34
13 95
13 66
13 40
13 99
13 110
13 20
13 51
13 57
13 104
13 28
13 5
13 101
13 65
11 65
11 5
11 33
11 48
11 20
11 98
11 31
11 71
11 18
11 79
11 47
11 35
11 62
11 8
11 27
65 36
65 5
65 95
65 15
65 101
65 31
65 109
65 51
65 35
65 9
65 83
65 21
65 59
65 110
65 29
65 74
65 57
65 8
65 62
65 44
65 79
65 48
36 66
36 34
36 69
36 8
36 98
36 86
36 79
36 40
36 101
36 20
36 62
36 100
36 84
36 109
66 59
66 15
66 25
66 83
66 69
66 29
66 3
66 62
66 109
66 100
66 84
66 71
66 57
66 31
66 51
59 69
59 95
59 98
59 25
59 83
59 101
59 20
59 75
59 3
59 16
59 21
59 8
59 71
59 72
59 9
69 99
69 71
69 28
69 9
69 27
69 68
69 95
69 83
69 101
69 5
69 62
69 31
69 33
69 34
69 17
69 41
99 27
99 100
99 42
99 101
99 33
99 20
99 86
99 105
99 84
99 62
99 68
99 15
99 98
27 35
27 20
27 8
27 17
27 16
27 5
27 42
27 44
27 15
27 109
27 41
27 86
35 84
35 85
35 16
35 34
35 28
35 67
35 71
35 57
35 41
35 68
35 83
35 95
35 48
35 29
35 3
35 20
35 101
84 16
84 41
84 79
84 40
84 74
84 48
84 95
84 8
84 21
84 68
84 67
84 28
84 15
84 18
84 3
84 25
16 88
16 31
16 8
16 44
16 15
16 25
16 29
16 87
16 9
16 34
16 5
16 21
16 3
16 95
16 86
16 67
16 110
16 78
16 109
88 51
88 41
88 42
88 85
88 74
88 71
88 47
88 28
88 101
88 20
88 5
88 100
88 67
88 79
88 104
88 8
51 67
51 98
51 101
51 31
51 104
51 44
51 3
51 21
51 48
67 5
67 71
67 87
67 79
67 110
67 47
67 72
67 86
67 68
67 74
67 105
5 78
5 31
5 104
5 75
5 15
5 87
5 17
5 9
5 25
5 57
5 100
5 62
5 33
5 44
5 48
78 79
78 31
78 72
78 25
78 85
78 110
78 95
78 87
78 105
78 68
79 20
79 9
79 47
79 75
79 29
79 18
20 104
20 71
20 109
20 57
20 74
20 105
20 47
20 62
20 100
20 17
104 109
104 8
104 100
104 75
104 15
104 21
104 85
104 62
109 83
109 110
109 95
109 87
109 40
109 33
109 100
109 57
109 15
109 34
109 44
109 31
109 101
83 87
83 29
83 71
83 17
83 33
83 48
83 41
83 34
83 25
83 57
83 18
83 3
83 8
87 34
87 40
87 3
87 28
87 71
87 17
87 110
87 72
87 68
34 75
34 100
34 28
34 18
34 105
34 101
34 21
34 57
34 8
75 57
75 47
75 33
75 95
75 40
75 86
75 74
75 105
75 100
75 42
75 9
75 85
75 41
75 18
75 68
75 25
75 62
75 28
75 48
57 42
57 95
57 101
57 62
57 3
57 17
57 31
57 41
42 40
42 62
42 48
42 85
42 3
42 9
42 105
42 21
42 95
42 41
40 98
40 68
40 8
40 18
40 85
40 29
40 15
98 8
98 33
98 68
98 28
98 110
98 21
98 86
8 62
8 48
8 72
8 18
8 3
8 74
8 9
8 101
8 28
62 85
62 17
62 9
62 3
62 105
62 21
62 33
62 41
62 86
85 68
85 74
85 9
85 44
85 95
85 31
68 3
68 31
68 95
68 21
68 86
68 41
68 44
68 74
68 71
3 21
3 18
3 101
3 72
3 17
3 33
3 15
3 74
3 95
21 95
21 15
21 48
21 101
21 17
21 33
95 17
95 100
95 41
95 72
95 15
17 15
17 41
17 31
17 105
17 18
17 74
15 74
15 33
15 71
15 48
15 18
15 110
15 9
15 25
15 101
15 105
74 48
74 86
74 31
74 25
48 44
44 9
44 86
44 101
44 41
44 25
44 29
44 110
44 105
9 105
9 31
9 47
9 72
9 41
9 86
105 31
105 25
105 71
105 101
105 86
105 72
31 33
31 47
31 29
31 71
31 28
33 101
33 71
33 110
33 18
33 86
101 41
101 71
101 28
101 25
41 86
41 28
41 72
41 47
41 29
86 72
86 71
86 47
72 28
72 47
72 110
28 25
28 18
28 110
28 29
25 29
25 110
25 18
25 100
29 100
29 71
100 110
100 47
110 71
110 18
71 47
47 18
