34 14
34 1
34 36
34 6
34 37
34 16
34 39
34 32
34 10
34 28
34 18
34 8
34 22
34 13
34 25
34 27
34 12
34 20
1 26
1 13
1 24
1 11
1 8
1 19
1 18
1 29
1 12
26 11
26 2
26 9
26 22
26 19
26 7
26 28
26 27
26 29
26 24
26 32
11 3
11 31
11 19
11 30
11 8
11 17
11 6
11 32
11 20
11 9
11 2
11 28
11 39
11 22
11 37
11 10
11 29
11 13
11 25
11 21
3 20
3 16
3 28
3 30
3 29
3 19
3 37
3 13
3 25
3 6
3 36
20 9
20 36
20 25
20 2
20 18
20 38
20 24
20 37
20 35
20 17
20 5
9 17
9 21
9 19
9 39
9 38
9 40
9 36
9 15
9 12
17 5
17 36
17 40
17 18
17 28
17 27
17 35
17 4
17 14
17 10
17 31
17 6
17 8
5 2
5 30
5 16
5 4
5 6
5 14
2 30
2 38
2 32
2 35
2 12
2 23
30 16
30 32
30 19
30 36
30 7
30 22
30 18
30 13
16 12
16 21
16 25
16 35
16 27
16 39
16 32
16 10
16 15
16 28
16 13
16 37
12 38
12 35
12 23
12 13
12 18
12 27
12 33
12 25
12 10
38 28
38 32
38 29
38 8
38 27
38 13
28 36
28 37
28 27
28 15
28 21
28 22
28 13
36 33
36 31
36 19
36 40
36 10
36 13
36 29
33 15
33 39
33 18
33 37
33 14
33 35
15 19
15 31
15 7
15 32
19 31
19 37
19 21
19 23
19 13
19 24
19 32
19 29
19 6
19 22
31 39
31 40
31 29
39 24
39 35
39 25
39 13
39 27
39 7
24 22
24 27
24 8
24 10
24 7
24 35
24 29
22 37
22 27
22 29
22 8
22 4
37 10
37 40
37 23
37 25
37 21
37 8
37 6
10 6
10 40
10 8
10 4
6 8
6 13
6 29
6 7
8 7
8 13
8 35
8 14
7 27
7 25
7 13
27 32
27 14
27 35
32 4
32 40
4 29
4 14
4 18
29 13
29 21
13 35
13 21
35 18
35 40
35 14
18 25
25 23
25 40
23 40
40 21
40 14
21 14
