78 53
78 52
78 58
78 75
78 66
78 33
78 16
78 64
78 49
78 5
78 22
78 44
78 81
78 23
78 15
78 39
78 36
78 60
78 90
78 95
78 67
78 18
78 40
78 8
78 37
78 1
78 61
78 31
78 13
78 47
78 28
78 48
78 9
78 3
78 59
78 98
78 57
78 50
78 70
78 55
78 79
78 86
78 56
78 51
78 29
78 92
78 25
78 100
78 72
78 26
78 99
78 34
78 42
78 80
78 69
78 6
78 2
78 68
78 77
78 35
78 19
78 83
78 88
78 17
78 38
78 12
21 20
21 56
21 66
21 42
21 83
21 57
21 17
21 82
21 11
21 89
21 50
21 80
21 95
21 88
21 9
21 7
21 94
21 69
21 72
21 70
21 92
21 100
21 13
21 64
21 97
21 36
21 39
21 24
21 48
21 55
21 53
21 85
21 10
21 43
21 1
21 77
21 90
21 5
21 47
21 75
21 61
21 15
21 49
21 81
21 22
21 8
20 45
20 92
20 57
20 19
20 4
20 74
20 17
20 84
20 43
20 26
20 89
20 66
20 90
20 76
20 88
20 62
20 55
20 1
20 25
20 11
20 75
20 32
20 77
20 37
20 7
20 67
20 56
45 31
45 16
45 4
45 98
45 55
45 95
45 40
45 17
45 56
45 42
45 19
45 41
45 76
45 54
45 47
45 73
45 36
45 1
45 69
45 74
45 44
45 34
45 24
31 28
31 36
31 6
31 9
31 46
31 63
31 53
31 68
31 15
31 17
31 11
31 95
31 64
31 76
31 52
31 91
31 100
31 27
31 14
31 59
31 37
31 47
31 60
31 13
31 19
31 48
28 48
28 53
28 46
28 71
28 86
28 91
28 23
28 69
28 44
28 47
28 22
28 59
28 88
28 29
28 10
28 18
28 89
28 2
28 100
28 43
28 90
28 73
48 44
48 80
48 19
48 63
48 89
48 79
48 50
48 97
48 62
48 13
48 54
48 98
48 42
48 93
48 90
48 96
48 11
48 25
48 34
48 6
48 36
48 100
48 10
48 15
48 57
48 85
48 29
48 83
48 30
48 32
44 9
44 75
44 72
44 42
44 70
44 51
44 38
44 61
44 2
44 65
44 63
44 96
44 83
44 67
44 24
44 18
44 64
44 6
44 58
44 59
44 74
44 15
44 85
44 91
44 80
44 43
44 25
44 10
9 3
9 61
9 91
9 92
9 15
9 54
9 90
9 95
9 70
9 74
9 72
9 86
9 51
9 83
9 14
9 77
9 42
9 84
9 60
9 30
9 22
9 29
3 59
3 36
3 73
3 74
3 71
3 89
3 82
3 14
3 19
3 27
3 29
3 41
3 98
3 39
3 49
3 68
3 95
3 69
3 26
3 72
3 84
3 50
3 61
3 54
3 55
3 11
3 96
3 17
3 86
3 43
59 98
59 41
59 2
59 18
59 91
59 90
59 39
59 53
59 10
59 87
59 86
59 94
59 36
59 40
59 79
59 61
59 85
59 42
59 55
59 5
59 49
59 83
59 50
59 13
59 100
59 64
59 34
98 91
98 22
98 83
98 50
98 70
98 5
98 92
98 96
98 79
98 56
98 66
98 24
98 54
98 84
98 35
98 53
98 71
98 88
98 8
98 17
98 37
91 57
91 24
91 69
91 63
91 4
91 27
91 32
91 66
91 30
91 68
91 37
91 1
91 29
91 95
91 13
91 87
91 41
91 70
91 33
91 8
91 60
91 7
91 26
91 75
91 54
91 6
91 100
91 82
91 92
91 85
91 72
91 96
91 71
91 18
57 82
57 66
57 32
57 51
57 94
57 16
57 100
57 81
57 43
57 41
57 39
57 6
57 96
57 89
57 97
57 18
57 74
57 1
57 76
57 64
57 46
57 62
57 93
57 87
57 60
57 85
57 88
57 24
57 54
57 4
57 77
82 36
82 4
82 47
82 89
82 41
82 5
82 42
82 85
82 81
82 99
82 13
82 16
82 92
82 24
82 46
82 33
82 32
82 38
82 64
82 97
82 60
82 90
82 95
82 53
36 4
36 24
36 29
36 64
36 16
36 74
36 12
36 99
36 58
36 80
36 93
36 95
36 50
36 60
36 26
36 40
36 65
36 8
36 87
36 38
36 61
36 32
36 67
36 71
36 37
36 88
36 27
36 6
36 33
36 73
36 53
36 89
4 1
4 24
4 14
4 75
4 62
4 72
4 26
4 97
4 17
4 74
4 84
4 77
4 68
4 69
4 25
4 38
4 22
4 32
4 89
4 8
4 33
4 29
4 65
4 52
4 12
4 2
4 43
4 18
1 50
1 73
1 92
1 33
1 24
1 5
1 94
1 53
1 11
1 46
1 26
1 25
1 63
1 56
1 16
1 83
1 41
1 80
1 32
1 70
1 71
1 19
1 95
1 38
1 54
50 70
50 55
50 7
50 99
50 97
50 29
50 68
50 18
50 23
50 76
50 87
50 85
50 46
50 86
50 84
50 41
50 77
50 10
50 80
50 61
50 14
50 49
50 16
50 90
50 67
50 15
70 93
70 32
70 23
70 79
70 33
70 54
70 97
70 2
70 89
70 7
70 76
70 90
70 46
70 30
70 99
70 75
70 92
70 80
93 90
93 5
93 79
93 100
93 55
93 11
93 64
93 19
93 13
93 7
93 29
93 43
93 52
93 30
93 8
93 37
93 67
93 66
93 26
93 12
93 6
93 84
93 71
93 75
93 14
93 99
93 49
93 47
90 65
90 63
90 73
90 97
90 95
90 52
90 12
90 49
90 75
90 62
90 66
90 51
90 26
90 37
90 53
90 41
90 74
90 54
90 64
90 10
90 25
65 71
65 34
65 94
65 32
65 10
65 47
65 7
65 25
65 76
65 58
65 11
65 49
65 66
65 87
65 63
65 62
65 13
65 89
65 42
65 12
65 38
65 100
71 5
71 66
71 89
71 52
71 23
71 69
71 15
71 54
71 13
71 25
71 64
71 55
71 30
71 95
71 7
71 35
71 56
71 49
71 8
71 19
71 86
71 11
5 55
5 32
5 80
5 89
5 51
5 22
5 10
5 79
5 11
5 12
5 63
5 56
5 81
5 67
5 96
5 49
5 92
5 72
5 27
5 61
55 79
55 33
55 74
55 51
55 72
55 25
55 81
55 77
55 32
55 13
55 11
55 6
55 95
55 54
55 42
55 43
55 24
55 29
55 26
55 73
55 80
55 39
79 87
79 32
79 42
79 46
79 10
79 34
79 77
79 6
79 37
79 83
79 23
79 85
79 29
79 66
79 54
79 49
79 14
79 38
79 47
79 35
79 40
79 52
87 11
87 52
87 64
87 61
87 27
87 84
87 41
87 96
87 46
87 33
87 25
87 8
87 42
87 58
87 51
87 54
87 67
87 2
87 23
87 73
87 95
11 66
11 89
11 22
11 32
11 58
11 75
11 24
11 49
11 94
11 16
11 38
11 51
11 86
11 6
11 92
11 37
11 60
11 76
11 100
11 85
66 86
66 60
66 58
66 23
66 68
66 74
66 84
66 52
66 33
66 26
66 56
66 34
66 75
66 54
66 43
66 10
66 64
66 97
86 64
86 34
86 18
86 54
86 80
86 25
86 62
86 47
86 63
86 94
86 32
86 68
86 12
86 46
86 7
86 75
86 33
86 35
86 84
64 46
64 68
64 99
64 13
64 96
64 6
64 74
64 88
64 17
64 53
64 18
64 97
64 77
64 75
64 14
64 58
64 85
64 76
64 51
64 69
64 100
64 12
64 42
64 83
64 32
64 40
46 56
46 8
46 51
46 77
46 16
46 85
46 43
46 75
46 67
46 41
46 53
46 74
46 37
46 30
46 81
56 40
56 49
56 99
56 61
56 6
56 42
56 62
56 34
56 17
56 95
56 8
56 12
56 83
56 53
56 88
56 22
56 76
56 74
56 35
56 37
56 16
56 92
56 89
56 97
56 39
56 14
56 24
56 19
40 51
40 13
40 83
40 84
40 92
40 72
40 27
40 85
40 2
40 19
40 60
40 38
40 15
40 8
40 49
40 97
40 99
40 75
40 12
40 77
40 67
40 37
40 30
51 29
51 53
51 81
51 68
51 100
51 17
51 7
51 30
51 84
51 80
51 33
51 39
51 42
51 12
51 43
51 72
29 63
29 76
29 47
29 58
29 37
29 53
29 26
29 75
29 15
29 77
29 95
29 24
29 7
29 61
29 68
29 27
29 100
29 43
29 52
63 92
63 19
63 96
63 95
63 81
63 26
63 80
63 7
63 76
63 43
63 25
63 22
63 32
63 54
92 37
92 35
92 7
92 95
92 89
92 69
92 23
92 88
92 97
92 33
92 53
92 77
92 76
92 18
37 47
37 43
37 61
37 60
37 84
37 58
37 62
37 17
37 39
37 75
37 80
37 25
37 67
37 27
37 53
37 10
37 2
47 75
47 85
47 6
47 30
47 99
47 19
47 53
47 74
47 76
47 94
47 16
47 88
47 27
47 73
75 89
75 85
75 6
75 88
75 67
75 2
75 76
75 77
75 74
75 99
75 52
75 32
75 10
75 30
75 42
75 62
75 60
75 13
89 25
89 52
89 88
89 77
89 69
89 39
89 97
89 12
89 27
89 30
89 53
89 100
89 2
89 67
89 10
89 81
89 41
89 94
89 43
89 83
89 16
25 84
25 99
25 49
25 72
25 94
25 73
25 22
25 2
25 32
25 62
25 68
25 16
25 19
25 12
25 67
25 83
25 35
84 14
84 81
84 58
84 19
84 53
84 54
84 67
84 43
84 32
84 33
84 77
84 7
84 23
84 68
14 100
14 49
14 38
14 69
14 7
14 58
14 23
14 16
14 80
14 81
14 83
14 10
14 54
14 68
14 53
14 18
14 39
14 99
100 60
100 16
100 2
100 18
100 68
100 43
100 52
100 53
100 33
100 94
100 10
100 97
100 7
100 81
60 72
60 43
60 94
60 7
60 35
60 39
60 27
60 42
60 33
60 41
60 23
60 99
60 54
60 38
60 26
60 12
60 32
60 61
60 17
72 61
72 62
72 42
72 97
72 22
72 49
72 33
72 6
72 81
72 27
72 74
61 15
61 54
61 35
61 74
61 10
61 8
61 39
61 95
61 97
61 22
61 34
61 88
61 43
61 76
61 18
61 96
61 6
15 58
15 18
15 7
15 12
15 94
15 83
15 39
15 52
15 73
15 62
15 6
58 39
58 67
58 88
58 73
58 17
58 69
58 85
58 27
58 26
58 49
58 80
39 26
39 6
39 68
39 24
39 53
39 73
39 80
39 16
39 43
39 19
39 13
26 99
26 23
26 7
26 10
26 54
26 16
26 22
26 68
26 96
26 24
99 97
99 74
99 76
99 10
99 52
99 7
99 38
99 68
99 13
99 24
99 32
97 73
97 43
97 7
97 77
97 23
97 42
97 38
97 54
97 35
97 80
97 69
97 24
97 30
97 83
97 68
97 22
73 34
73 7
73 83
73 16
73 38
73 18
73 24
73 2
73 42
73 76
73 23
73 19
34 41
34 8
34 68
34 22
34 24
34 32
34 18
34 81
34 7
41 42
41 22
41 2
41 23
41 69
41 62
41 17
41 30
41 6
41 16
41 35
41 38
42 80
42 33
42 52
42 35
42 43
42 6
42 69
42 8
42 13
42 7
42 94
80 96
80 62
80 35
80 49
80 27
80 22
80 83
96 85
96 43
96 17
96 53
96 54
96 83
96 23
96 88
96 38
96 24
96 32
96 67
96 2
85 69
85 22
85 2
85 7
85 68
85 30
85 24
85 35
85 8
85 62
85 6
85 53
85 17
85 49
85 33
69 27
69 16
69 32
69 19
69 43
69 76
69 88
69 22
69 33
69 94
69 12
27 6
27 49
27 52
27 2
27 38
27 94
27 68
27 81
27 19
27 53
6 2
6 22
6 52
6 33
6 23
6 74
6 88
6 43
6 13
2 49
2 43
2 67
2 52
2 30
2 16
2 76
49 68
49 17
49 38
49 77
49 74
49 23
49 76
49 13
49 22
49 7
49 53
49 52
49 8
49 81
68 52
68 32
68 24
68 74
68 33
68 62
68 88
68 94
68 12
68 22
68 95
52 77
52 16
52 38
52 7
52 53
52 62
52 76
52 88
52 12
77 62
77 30
77 13
77 35
77 12
77 81
77 22
77 8
77 83
77 32
62 30
62 83
62 33
62 17
62 18
62 23
62 7
62 67
62 81
30 43
30 88
30 83
30 81
30 38
30 13
30 74
30 53
30 35
30 54
30 7
30 23
43 35
43 19
43 83
43 53
43 18
43 81
35 19
35 22
35 38
35 67
35 8
35 16
19 24
19 17
19 12
19 32
19 54
19 81
19 94
24 23
24 18
24 22
24 13
24 94
24 83
24 10
24 8
23 33
23 38
23 81
23 83
23 88
23 18
33 81
33 12
33 38
33 95
33 16
33 67
33 17
33 13
33 32
33 22
81 83
81 8
81 67
81 53
81 7
81 94
81 18
81 22
83 88
83 10
83 7
83 74
83 94
88 32
88 74
88 95
88 18
88 54
88 76
88 16
32 76
32 12
32 54
32 22
32 38
32 53
32 8
32 13
32 74
32 67
76 17
76 54
76 67
76 12
76 74
76 95
17 7
17 16
17 18
17 53
17 10
17 67
7 94
7 8
7 16
7 67
94 74
94 67
74 13
74 95
74 53
74 8
13 10
13 38
13 12
13 22
13 54
10 38
10 8
10 16
38 22
38 18
38 12
22 95
22 16
22 67
95 8
95 53
95 16
8 12
8 54
12 16
12 54
12 53
16 54
16 53
16 18
54 18
18 67
67 53
