42 30
42 4
42 37
42 14
42 15
42 41
42 50
42 1
42 57
42 3
42 7
42 54
42 26
42 10
42 53
42 13
42 46
42 24
42 39
42 9
42 34
42 33
42 17
42 60
42 36
42 12
42 23
42 5
42 8
42 58
4 47
4 49
4 14
4 18
4 58
4 25
4 26
4 35
4 13
4 59
4 44
4 54
4 11
4 51
4 31
4 34
4 7
4 37
4 50
4 41
4 30
47 10
47 52
47 48
47 51
47 57
47 5
47 36
47 50
47 55
47 7
47 15
47 28
47 35
10 16
10 57
10 18
10 31
10 28
10 48
10 15
10 36
10 55
10 59
10 29
10 27
10 30
10 38
10 40
10 20
10 46
10 53
10 35
10 39
16 53
16 49
16 20
16 52
16 45
16 51
16 17
16 59
16 44
16 11
16 6
16 28
16 12
16 31
16 50
53 6
53 27
53 54
53 7
53 50
53 21
53 31
53 23
53 26
53 59
53 1
53 44
53 13
53 3
53 57
6 45
6 17
6 55
6 44
6 54
6 24
6 18
6 33
6 7
6 2
6 14
6 5
6 52
6 23
45 1
45 22
45 14
45 59
45 20
45 43
45 36
45 23
45 37
45 49
45 5
45 39
45 35
45 3
45 30
45 52
45 19
45 31
1 15
1 14
1 40
1 48
1 24
1 9
1 8
1 31
1 2
1 13
1 33
1 26
1 44
15 13
15 3
15 39
15 32
15 35
15 44
15 33
15 46
15 52
15 50
15 28
15 24
15 17
15 36
15 31
15 56
13 18
13 51
13 31
13 2
13 55
13 20
13 34
13 12
13 27
13 35
13 48
13 39
13 40
13 11
13 5
18 46
18 54
18 11
18 52
18 24
18 38
18 5
18 8
18 29
18 36
18 9
18 35
18 7
18 50
18 23
18 41
18 57
18 60
46 3
46 22
46 21
46 55
46 8
46 52
46 33
46 9
3 26
3 7
3 28
3 34
3 9
3 41
3 54
3 2
3 14
3 5
3 11
26 25
26 56
26 40
26 21
26 32
26 5
26 54
26 2
26 35
26 33
26 51
26 59
26 38
25 28
25 41
25 33
25 54
25 60
25 43
25 34
25 32
25 50
25 20
28 7
28 49
28 58
28 2
28 29
28 57
28 43
28 17
28 30
28 9
7 56
7 21
7 41
7 32
7 20
7 40
7 9
7 12
7 54
7 35
7 11
7 30
7 51
7 50
7 60
7 8
7 34
7 31
56 24
56 38
56 9
56 22
56 12
56 17
56 32
56 8
56 43
56 50
56 48
24 39
24 8
24 37
24 17
24 32
24 19
24 5
24 54
24 31
24 55
24 9
24 21
24 29
24 33
39 19
39 2
39 11
39 50
39 55
39 41
39 52
39 35
19 21
19 12
19 44
19 27
19 34
19 43
19 49
19 60
19 23
21 57
21 60
21 59
21 55
21 34
21 20
21 50
21 35
21 41
21 32
57 27
57 5
57 54
57 30
57 11
57 49
57 29
27 9
27 34
27 36
27 60
27 14
27 11
27 59
27 51
27 8
9 52
9 2
9 33
9 12
9 60
9 43
9 36
9 17
9 5
9 51
9 30
9 54
52 29
52 35
52 33
52 59
52 51
52 17
52 23
52 12
52 40
52 36
52 41
29 34
29 50
29 20
29 5
29 48
29 36
29 2
29 30
29 23
29 38
29 41
29 17
29 43
29 11
29 59
29 14
34 33
34 23
34 41
34 30
34 11
34 59
34 55
34 38
33 59
33 12
33 48
33 44
33 60
33 5
33 49
33 58
33 22
33 41
33 17
33 2
33 55
33 37
33 51
33 32
33 54
59 35
59 31
59 22
59 12
59 2
59 44
59 30
59 17
59 23
59 50
59 8
59 60
35 37
35 20
35 55
35 43
35 60
35 17
35 51
35 30
35 54
35 23
35 2
37 17
37 48
37 14
37 44
17 60
17 23
17 22
17 36
17 8
17 49
60 36
60 8
60 44
60 32
36 32
36 5
36 30
36 50
36 14
36 58
36 55
36 20
32 38
32 20
32 49
32 41
32 50
32 51
32 40
32 54
38 2
38 8
38 50
38 40
38 23
38 51
38 48
2 50
2 49
2 14
2 20
2 30
2 54
2 22
2 5
2 58
2 31
2 43
50 12
50 20
50 23
50 8
50 51
50 30
50 44
50 14
12 49
12 14
12 48
49 41
49 22
49 54
49 44
49 5
49 51
49 58
49 23
49 20
41 31
41 23
41 54
41 40
41 58
41 55
31 43
31 30
31 51
43 40
43 11
43 54
43 58
40 51
40 20
40 22
40 5
40 14
40 30
51 23
51 8
51 11
23 44
23 20
23 48
23 22
23 11
44 48
44 58
44 8
44 11
44 55
44 20
48 54
48 14
48 20
48 55
54 22
54 14
22 11
11 5
11 58
5 8
5 30
5 14
5 55
8 55
8 14
55 20
20 58
58 14
58 30
14 30
