6 110
6 13
6 51
6 27
6 47
6 30
6 62
6 100
6 50
6 39
6 117
6 14
6 21
6 69
6 55
6 82
6 19
6 119
6 101
6 67
6 3
6 84
6 2
6 77
6 104
6 86
6 88
6 111
6 83
6 91
6 120
6 12
6 20
6 33
6 87
6 64
13 38
13 108
13 43
13 102
13 117
13 29
13 7
13 35
13 30
13 92
13 112
13 86
13 70
13 47
13 44
13 98
13 55
13 116
13 105
13 42
13 114
13 78
13 93
13 24
13 69
13 40
13 18
13 23
13 56
13 71
13 51
13 59
13 27
13 32
13 41
13 36
13 62
13 45
13 67
38 14
38 2
38 3
38 39
38 70
38 30
38 73
38 103
38 64
38 32
38 37
38 75
38 34
38 95
38 96
38 106
38 46
38 85
38 71
38 66
38 81
38 31
38 1
38 42
38 48
38 82
38 36
38 20
38 16
38 47
38 94
38 90
38 23
38 56
38 68
38 109
38 110
38 117
38 65
38 88
38 87
38 108
38 60
14 99
14 28
14 16
14 10
14 35
14 109
14 58
14 43
14 37
14 46
14 108
14 50
14 95
14 30
14 66
14 61
14 97
14 20
14 7
14 15
14 26
14 81
14 114
14 45
14 3
14 83
14 92
14 21
14 27
14 101
14 69
14 65
14 93
14 78
14 62
14 70
14 110
14 17
14 22
14 112
14 64
14 119
14 98
14 72
14 77
14 63
14 24
14 67
14 19
14 116
14 102
14 1
14 118
14 44
14 55
14 113
14 104
14 33
14 29
14 115
14 106
14 91
14 90
14 75
14 103
14 74
14 94
14 32
14 71
14 68
99 120
99 76
99 110
99 4
99 77
99 53
99 16
99 34
99 117
99 56
99 20
99 21
99 54
99 52
99 39
99 29
99 69
99 61
99 118
99 63
99 59
99 11
99 108
99 113
99 86
99 70
99 82
99 71
99 41
99 85
99 97
99 36
99 93
99 35
99 8
120 80
120 72
120 88
120 77
120 53
120 26
120 110
120 40
120 70
120 34
120 27
120 109
120 44
120 49
120 61
120 100
120 90
120 67
120 16
120 78
120 112
120 17
120 106
120 104
120 47
120 56
120 66
120 31
120 89
120 101
120 84
120 118
80 22
80 41
80 74
80 76
80 85
80 79
80 3
80 63
80 62
80 17
80 113
80 28
80 7
80 75
80 77
80 61
80 70
80 57
80 51
80 106
80 12
80 116
80 55
80 4
80 39
80 31
80 50
80 1
80 5
80 78
80 42
22 61
22 84
22 63
22 42
22 43
22 115
22 107
22 54
22 75
22 23
22 49
22 101
22 116
22 20
22 102
22 68
22 35
22 71
22 62
22 11
22 118
22 41
22 48
22 50
22 8
22 56
22 88
22 47
22 78
22 94
22 21
22 83
22 34
22 24
22 109
22 119
22 28
22 81
61 81
61 79
61 10
61 107
61 4
61 31
61 3
61 110
61 29
61 75
61 63
61 84
61 115
61 19
61 97
61 5
61 59
61 8
61 39
61 36
61 32
61 109
61 57
61 28
61 87
61 56
61 114
61 67
61 11
61 74
61 78
81 39
81 43
81 18
81 105
81 73
81 47
81 48
81 26
81 41
81 59
81 89
81 77
81 60
81 70
81 24
81 95
81 36
81 117
81 112
81 15
81 32
81 63
81 119
81 85
39 42
39 29
39 117
39 41
39 84
39 92
39 53
39 91
39 7
39 71
39 85
39 82
39 70
39 56
39 1
39 94
39 35
39 45
39 111
39 83
39 103
39 90
39 104
39 48
39 19
39 25
42 112
42 48
42 111
42 77
42 33
42 105
42 28
42 21
42 47
42 16
42 108
42 4
42 54
42 113
42 68
42 115
42 71
42 49
42 101
42 11
42 104
42 102
42 94
42 116
42 44
42 26
42 19
42 64
42 97
42 82
42 75
42 41
42 74
42 84
42 119
42 95
42 92
42 106
42 36
112 15
112 110
112 75
112 84
112 31
112 18
112 76
112 25
112 8
112 89
112 51
112 88
112 70
112 78
112 68
112 94
112 58
112 113
112 97
112 17
112 16
112 114
112 90
112 53
112 57
112 52
112 77
112 49
112 103
112 95
112 107
15 64
15 109
15 11
15 68
15 93
15 58
15 56
15 74
15 86
15 69
15 104
15 35
15 70
15 85
15 103
15 9
15 113
15 46
15 75
15 40
15 67
15 105
15 29
15 60
15 98
15 100
15 21
15 16
15 65
15 101
15 78
15 114
15 26
15 92
15 108
15 28
15 110
64 10
64 4
64 53
64 65
64 70
64 105
64 56
64 54
64 2
64 30
64 57
64 52
64 59
64 118
64 18
64 7
64 108
64 97
64 25
64 60
64 32
64 90
64 95
64 68
64 115
64 113
64 29
64 84
64 26
64 116
64 63
10 23
10 88
10 11
10 93
10 72
10 113
10 76
10 83
10 85
10 24
10 55
10 45
10 68
10 49
10 78
10 56
10 118
10 107
10 62
10 79
10 4
10 95
10 47
10 109
10 94
10 20
10 53
10 74
10 65
10 77
10 108
23 21
23 107
23 29
23 25
23 76
23 58
23 35
23 54
23 30
23 2
23 57
23 102
23 88
23 7
23 63
23 110
23 71
23 77
23 40
23 26
23 86
23 17
23 114
23 94
23 51
23 105
23 32
23 31
21 59
21 3
21 75
21 24
21 40
21 20
21 84
21 76
21 104
21 103
21 78
21 94
21 58
21 66
21 9
21 27
21 79
21 55
21 100
21 43
21 116
21 118
21 56
21 83
21 74
21 90
21 110
21 1
21 97
59 119
59 27
59 90
59 41
59 111
59 7
59 116
59 47
59 68
59 53
59 43
59 11
59 12
59 19
59 98
59 16
59 35
59 65
59 105
59 114
59 84
59 58
119 98
119 79
119 4
119 50
119 85
119 58
119 73
119 57
119 113
119 116
119 105
119 96
119 3
119 24
119 82
119 107
119 67
119 66
119 28
119 108
119 94
119 53
119 114
119 26
119 88
119 95
119 48
119 93
119 41
119 86
98 111
98 107
98 32
98 16
98 45
98 29
98 65
98 116
98 46
98 106
98 66
98 78
98 68
98 117
98 86
98 92
98 74
98 37
98 47
98 1
98 19
98 33
98 41
98 105
98 79
98 31
98 115
98 7
98 89
98 102
98 18
98 44
98 63
98 25
98 108
111 47
111 108
111 25
111 8
111 77
111 58
111 67
111 94
111 18
111 83
111 107
111 70
111 66
111 2
111 35
111 117
111 86
111 62
111 91
111 27
111 24
111 56
111 43
111 29
111 68
111 89
111 102
111 114
111 45
111 20
111 85
111 46
111 34
47 45
47 75
47 29
47 44
47 89
47 49
47 86
47 74
47 36
47 33
47 34
47 4
47 70
47 90
47 19
47 43
47 7
47 69
47 40
47 63
47 93
47 71
47 77
47 2
47 3
47 54
47 8
47 25
47 51
47 28
47 117
47 56
47 106
47 101
47 78
47 92
47 32
47 88
47 57
47 103
47 17
47 48
47 52
47 60
47 18
45 9
45 5
45 34
45 40
45 97
45 78
45 109
45 108
45 56
45 26
45 58
45 11
45 28
45 100
45 82
45 24
45 113
45 30
45 51
45 85
45 103
45 1
45 106
9 72
9 117
9 30
9 73
9 103
9 36
9 52
9 3
9 88
9 11
9 24
9 110
9 12
9 74
9 91
9 55
9 67
9 60
9 17
9 100
9 92
9 109
9 49
9 69
9 46
72 30
72 89
72 102
72 12
72 66
72 52
72 18
72 68
72 100
72 2
72 3
72 84
72 106
72 31
72 113
72 69
72 96
72 109
72 50
72 93
72 88
72 37
72 24
72 8
72 26
72 116
72 41
72 73
72 44
72 57
72 78
72 87
30 16
30 27
30 8
30 49
30 93
30 118
30 24
30 26
30 37
30 70
30 100
30 88
30 91
30 86
30 106
30 57
30 41
30 11
30 116
30 4
30 82
30 90
30 77
16 65
16 40
16 73
16 50
16 27
16 92
16 76
16 108
16 60
16 85
16 91
16 20
16 44
16 102
16 105
16 34
16 69
16 52
16 86
16 87
16 101
16 115
16 117
16 58
16 68
16 84
16 18
16 1
65 77
65 93
65 44
65 17
65 58
65 60
65 28
65 114
65 97
65 102
65 4
65 1
65 55
65 20
65 7
65 75
65 5
65 115
65 51
65 36
65 83
65 107
65 32
65 56
65 52
65 25
77 63
77 31
77 28
77 82
77 73
77 3
77 113
77 8
77 115
77 117
77 116
77 33
77 26
77 32
77 49
77 11
77 67
77 57
77 56
77 96
77 91
77 114
77 71
77 37
77 92
77 86
63 101
63 29
63 50
63 85
63 24
63 62
63 31
63 107
63 108
63 90
63 41
63 118
63 71
63 8
63 40
63 56
63 86
63 84
63 33
63 57
63 27
63 82
63 115
63 52
63 102
63 2
63 48
63 37
63 19
63 46
63 32
63 70
63 69
101 84
101 12
101 116
101 92
101 34
101 69
101 32
101 73
101 44
101 25
101 58
101 67
101 104
101 91
101 26
101 95
101 107
101 43
101 31
101 56
101 46
101 89
101 53
84 12
84 76
84 69
84 86
84 26
84 51
84 24
84 49
84 104
84 34
84 32
84 68
84 66
84 58
84 91
84 4
84 67
84 78
84 56
84 18
84 31
84 115
84 33
84 110
84 46
84 8
84 108
84 25
12 69
12 86
12 116
12 102
12 74
12 56
12 8
12 11
12 91
12 43
12 40
12 106
12 48
12 7
12 88
12 73
12 103
12 28
12 44
12 117
12 41
12 25
12 36
69 62
69 103
69 95
69 76
69 41
69 31
69 83
69 2
69 107
69 85
69 4
69 58
69 115
69 1
69 26
69 25
69 3
69 56
69 48
69 117
69 37
69 18
69 86
69 44
69 104
69 78
69 43
69 52
69 109
62 66
62 43
62 73
62 75
62 67
62 92
62 113
62 100
62 53
62 29
62 24
62 108
62 82
62 115
62 58
62 114
62 106
62 87
62 2
62 5
62 68
62 97
62 76
66 24
66 102
66 67
66 73
66 85
66 51
66 2
66 34
66 54
66 49
66 103
66 35
66 107
66 93
66 115
66 109
66 60
66 19
66 26
66 106
66 46
66 3
66 8
66 89
24 67
24 117
24 88
24 79
24 74
24 53
24 108
24 70
24 34
24 83
24 58
24 113
24 106
24 75
24 100
24 95
24 37
24 86
24 96
24 32
24 60
24 57
24 54
24 28
24 82
24 105
24 107
24 93
67 11
67 74
67 32
67 2
67 3
67 48
67 37
67 36
67 1
67 107
67 103
67 53
67 90
67 7
67 29
67 87
67 68
67 86
67 76
11 19
11 89
11 70
11 41
11 3
11 113
11 104
11 90
11 5
11 75
11 95
11 109
11 56
11 87
11 60
11 50
11 31
11 54
11 58
11 32
11 106
11 105
11 76
11 108
11 40
19 116
19 50
19 36
19 110
19 52
19 85
19 100
19 29
19 55
19 43
19 78
19 115
19 108
19 54
19 90
19 49
19 32
116 102
116 25
116 51
116 26
116 56
116 87
116 4
116 18
116 74
116 75
116 82
116 113
116 3
116 114
116 46
116 20
116 115
116 71
116 78
116 31
102 37
102 26
102 48
102 57
102 75
102 94
102 83
102 53
102 70
102 106
102 33
102 117
102 100
102 78
102 32
102 35
37 89
37 85
37 90
37 106
37 50
37 105
37 60
37 109
37 91
37 35
37 79
37 92
37 53
37 26
37 70
37 104
37 20
37 18
37 95
37 88
37 75
37 114
37 34
37 48
37 118
37 36
37 97
37 58
37 44
37 7
37 46
89 56
89 8
89 105
89 27
89 82
89 79
89 86
89 108
89 104
89 5
89 78
89 26
89 85
89 76
89 52
89 71
89 93
89 74
89 58
89 1
89 33
89 51
89 95
89 34
89 100
89 7
89 94
89 32
89 41
89 53
89 29
56 86
56 4
56 3
56 90
56 82
56 68
56 20
56 96
56 43
56 92
56 79
56 115
56 100
56 58
56 8
56 27
56 1
56 114
56 49
56 106
56 87
56 104
86 78
86 74
86 117
86 70
86 88
86 96
86 108
86 100
86 3
86 107
86 95
86 76
86 40
86 109
86 31
86 7
86 8
86 71
86 25
86 18
86 114
86 82
86 106
86 87
86 118
86 27
78 70
78 87
78 36
78 103
78 31
78 97
78 76
78 88
78 7
78 53
78 95
78 107
78 54
78 108
78 52
78 74
78 41
70 107
70 58
70 87
70 106
70 71
70 43
70 96
70 104
70 113
70 57
70 36
70 33
70 76
70 118
70 74
107 50
107 74
107 90
107 71
107 94
107 51
107 48
107 5
107 1
107 73
107 7
107 3
107 26
107 103
107 85
107 58
107 91
107 57
107 68
107 28
107 53
107 92
50 114
50 41
50 48
50 7
50 17
50 79
50 8
50 27
50 97
50 52
50 1
50 55
50 28
50 36
50 95
50 25
50 93
50 20
50 92
50 46
114 57
114 97
114 20
114 48
114 28
114 5
114 85
114 2
114 1
114 104
114 3
114 33
114 108
57 1
57 94
57 44
57 104
57 28
57 105
57 109
57 90
57 48
57 4
57 95
57 43
57 51
57 117
57 52
57 75
57 71
57 79
57 2
57 55
57 73
57 106
57 5
57 83
57 93
57 92
1 118
1 4
1 33
1 5
1 108
1 97
1 35
1 95
1 90
1 82
1 115
1 85
1 103
1 26
1 34
1 91
1 48
1 20
1 46
118 3
118 34
118 92
118 90
118 106
118 100
118 31
118 97
118 75
118 48
118 7
118 110
118 85
118 8
118 46
118 41
118 83
118 40
118 117
118 4
118 108
3 26
3 20
3 85
3 82
3 108
3 48
3 17
3 92
3 18
3 27
3 28
3 2
3 100
3 25
3 95
3 35
3 113
3 53
3 91
3 71
3 60
26 44
26 91
26 74
26 96
26 48
26 79
26 87
26 117
26 41
26 68
26 110
26 75
26 71
26 113
26 32
26 106
26 82
26 43
26 55
26 103
26 5
26 97
26 8
44 55
44 43
44 92
44 79
44 113
44 117
44 32
44 115
44 96
44 76
44 88
44 104
44 25
44 33
44 91
44 83
44 8
44 75
44 2
44 41
44 85
55 7
55 110
55 117
55 88
55 48
55 8
55 90
55 53
55 4
55 113
55 36
55 83
55 43
55 20
55 85
55 58
55 95
7 8
7 17
7 106
7 104
7 76
7 31
7 33
7 43
7 49
7 92
7 60
7 85
7 82
7 74
7 96
7 36
7 54
7 115
7 109
7 93
8 53
8 97
8 60
8 17
8 31
8 25
8 74
8 68
8 28
8 34
8 85
8 4
8 58
8 88
8 29
8 95
53 113
53 27
53 83
53 74
53 5
53 91
53 49
53 96
53 97
53 33
53 25
53 71
53 73
53 40
53 90
53 35
53 95
53 87
53 36
53 103
113 51
113 76
113 27
113 115
113 28
113 73
113 88
113 31
113 103
113 43
113 91
113 106
113 117
113 54
113 25
113 18
113 82
113 32
113 40
113 87
51 18
51 36
51 20
51 46
51 117
51 93
51 33
51 104
51 96
51 115
51 92
51 87
51 95
51 31
51 5
51 105
51 90
51 68
51 29
18 35
18 94
18 105
18 88
18 75
18 43
18 40
18 68
18 31
18 54
18 2
35 104
35 117
35 4
35 54
35 32
35 87
35 79
35 33
35 60
35 74
35 103
35 40
35 52
35 58
35 41
35 115
35 93
35 91
35 82
35 73
35 34
35 85
104 46
104 106
104 95
104 48
104 79
104 109
104 92
104 68
104 60
104 43
104 17
104 40
104 105
46 33
46 25
46 88
46 100
46 92
46 17
46 96
46 83
46 75
46 115
46 97
33 29
33 48
33 90
33 103
33 83
33 31
33 32
33 110
33 71
33 95
33 73
33 109
33 20
33 85
33 74
29 105
29 110
29 25
29 43
29 36
29 82
29 100
29 87
29 93
29 68
29 17
29 60
29 83
29 75
29 28
105 88
105 79
105 58
105 100
105 68
105 28
105 95
105 109
105 36
105 27
105 90
105 110
105 48
105 5
105 20
88 5
88 71
88 73
88 91
88 58
88 17
88 87
88 4
88 74
88 117
88 28
88 94
88 82
88 60
88 31
88 93
5 73
5 27
5 68
5 115
5 90
5 93
5 92
5 40
5 79
5 71
5 106
5 34
5 96
5 49
73 115
73 17
73 85
73 41
73 43
73 117
73 94
73 31
73 27
73 95
73 71
115 92
115 100
115 91
115 103
115 49
115 27
115 95
115 41
115 32
115 58
115 93
115 28
115 40
115 79
115 109
115 34
92 49
92 36
92 68
92 87
92 58
92 60
49 106
49 76
49 40
49 41
49 17
49 93
49 85
49 36
49 91
49 82
106 82
106 52
106 83
106 100
106 20
106 117
106 110
106 94
106 31
106 79
106 43
106 25
106 91
106 60
106 41
106 4
82 60
82 25
82 90
82 87
82 32
82 28
82 36
82 31
82 58
82 4
82 68
82 41
82 2
82 54
60 27
60 48
60 52
60 109
60 41
60 32
60 93
60 54
27 36
27 79
27 34
27 109
27 17
27 54
27 58
27 75
27 31
27 83
27 68
27 117
27 25
27 28
36 85
36 34
36 52
36 68
36 100
36 71
36 97
36 20
36 103
36 74
85 91
85 103
85 110
85 79
85 75
85 4
85 90
85 83
85 32
85 58
85 108
91 41
91 96
91 28
91 110
91 58
91 103
91 108
91 34
91 17
41 25
41 79
41 108
41 4
41 76
41 83
41 32
41 48
41 17
41 58
25 90
25 2
25 31
25 96
25 79
25 117
25 83
25 68
25 4
25 32
25 108
25 103
90 2
90 43
90 96
90 34
90 87
90 109
90 17
90 93
90 54
2 108
2 71
2 94
2 32
2 87
2 54
108 75
108 54
108 68
108 48
108 100
108 74
108 17
75 79
75 83
75 54
75 71
75 87
75 40
75 96
75 100
75 109
75 48
75 93
79 103
79 74
79 94
79 52
79 109
79 117
79 43
79 28
79 17
79 34
79 87
103 17
103 40
103 71
103 76
103 96
103 32
103 4
17 100
17 68
17 40
17 54
17 110
17 76
17 32
17 4
17 52
100 58
100 4
100 34
100 97
100 74
100 109
100 95
100 71
100 93
100 28
58 109
58 4
58 54
58 34
58 96
109 54
109 31
109 48
109 34
109 76
109 40
54 96
54 34
54 97
54 43
54 28
54 48
54 71
96 74
96 43
96 110
96 94
96 34
96 28
96 87
96 40
96 95
96 4
96 31
96 71
74 43
74 31
74 4
74 83
74 93
74 97
74 34
74 52
74 28
43 94
43 76
43 83
43 20
43 28
94 117
94 76
94 4
94 93
94 110
94 32
94 71
94 83
94 40
117 32
117 93
117 71
117 40
117 87
117 31
32 28
32 87
32 68
32 31
32 20
32 4
28 83
28 97
28 31
28 40
83 31
83 4
83 71
83 87
83 76
31 34
31 20
31 68
34 48
34 40
34 68
34 87
48 71
48 68
48 95
48 20
71 68
71 93
71 95
71 4
71 52
68 93
68 40
93 20
93 95
20 40
20 95
40 87
40 52
87 95
87 97
87 76
87 110
95 52
95 76
52 4
52 76
52 110
4 76
76 97
97 110
