9 84
9 123
9 85
9 49
9 27
9 17
9 19
9 34
9 69
9 109
9 33
9 24
9 1
9 114
9 52
9 22
9 131
9 23
9 4
9 5
9 71
9 63
9 139
9 67
9 96
9 42
9 141
9 28
9 15
9 136
9 72
9 135
9 94
9 122
9 80
9 41
9 119
9 79
9 43
9 104
9 36
9 106
9 124
9 107
9 62
9 47
9 16
9 46
9 29
9 150
9 132
9 60
9 32
9 100
9 138
9 91
9 95
9 7
9 97
9 73
9 6
9 137
9 144
9 117
9 129
9 12
9 76
9 68
9 39
9 101
9 55
9 70
9 87
9 146
9 44
9 18
9 147
9 54
9 3
9 89
9 56
9 21
9 37
9 121
9 77
9 78
9 127
9 120
9 86
9 83
9 105
9 103
9 53
9 11
9 133
9 110
123 36
123 78
123 97
123 2
123 56
123 82
123 47
123 118
123 119
123 7
123 21
123 67
123 112
123 61
123 125
123 33
123 110
123 150
123 95
123 129
123 134
123 135
123 115
123 84
123 18
123 10
123 133
123 63
123 31
123 75
123 13
123 40
123 62
123 35
123 92
123 64
123 146
123 74
123 53
123 17
123 15
123 128
123 138
123 12
123 131
123 108
123 141
123 24
123 91
123 30
123 142
123 73
123 23
123 122
123 5
123 139
123 85
123 41
123 4
123 104
123 79
123 72
123 34
123 96
123 42
123 114
123 80
123 109
123 19
123 27
123 22
36 106
36 64
36 93
36 145
36 35
36 8
36 127
36 105
36 86
36 146
36 21
36 124
36 27
36 40
36 11
36 148
36 78
36 67
36 133
36 38
36 141
36 10
36 118
36 87
36 2
36 24
36 125
36 130
36 55
36 51
36 97
36 23
36 14
36 44
36 72
36 7
36 3
36 71
36 112
36 1
36 102
36 144
36 117
36 17
36 49
36 54
106 124
106 41
106 127
106 77
106 67
106 26
106 44
106 57
106 75
106 27
106 62
106 90
106 46
106 4
106 135
106 49
106 25
106 5
106 129
106 50
106 133
106 48
106 146
106 117
106 113
106 114
106 148
106 17
106 51
106 76
106 22
106 37
106 134
106 74
106 145
106 72
106 137
106 120
106 58
106 108
106 12
106 56
124 107
124 128
124 31
124 65
124 137
124 63
124 97
124 20
124 60
124 23
124 28
124 52
124 118
124 113
124 44
124 90
124 94
124 91
124 30
124 11
124 140
124 101
124 69
124 135
124 110
124 33
124 120
124 74
124 35
124 85
124 75
124 58
124 13
124 64
124 47
124 141
124 39
124 51
124 22
124 150
124 125
124 19
124 126
124 86
124 114
124 34
124 14
107 62
107 69
107 44
107 89
107 22
107 21
107 32
107 96
107 72
107 102
107 121
107 86
107 54
107 146
107 78
107 15
107 35
107 33
107 13
107 99
107 52
107 12
107 129
107 125
107 133
107 46
107 73
107 97
107 65
107 4
107 116
107 30
107 75
107 119
62 50
62 10
62 69
62 146
62 119
62 100
62 114
62 16
62 88
62 138
62 74
62 108
62 82
62 63
62 73
62 125
62 115
62 39
62 71
62 118
62 99
62 141
62 122
62 145
62 98
62 41
62 61
62 85
62 128
62 56
62 31
62 27
62 92
62 67
62 21
62 93
62 94
62 55
62 54
62 112
50 49
50 64
50 103
50 93
50 92
50 125
50 114
50 35
50 90
50 17
50 130
50 70
50 109
50 19
50 127
50 85
50 58
50 63
50 29
50 121
50 126
50 78
50 5
50 145
50 96
50 149
50 81
50 136
50 97
50 61
50 16
50 24
50 1
50 33
50 34
50 143
50 47
50 99
50 74
50 111
50 142
50 67
49 2
49 66
49 51
49 23
49 52
49 24
49 45
49 112
49 148
49 13
49 29
49 43
49 121
49 97
49 73
49 133
49 69
49 115
49 149
49 72
49 78
49 117
49 39
49 132
49 16
49 79
49 25
49 21
49 4
49 37
49 11
49 44
49 84
49 80
49 128
49 56
49 104
49 81
49 139
49 126
49 77
49 114
49 109
49 120
49 57
49 85
49 27
49 105
49 116
49 55
49 64
49 145
2 48
2 133
2 142
2 38
2 8
2 67
2 22
2 95
2 140
2 79
2 104
2 53
2 94
2 144
2 102
2 24
2 89
2 61
2 41
2 135
2 45
2 28
2 134
2 92
2 4
2 33
2 117
2 105
2 103
2 39
2 30
2 98
2 15
2 130
2 112
2 51
2 101
2 88
2 137
2 147
2 42
2 26
2 68
2 13
2 122
48 94
48 92
48 15
48 54
48 110
48 72
48 34
48 8
48 120
48 11
48 144
48 43
48 14
48 32
48 27
48 40
48 65
48 38
48 135
48 84
48 75
48 143
48 138
48 114
48 52
48 26
48 80
48 73
48 55
48 37
48 113
48 132
48 16
48 105
48 35
48 4
94 52
94 125
94 133
94 85
94 109
94 97
94 58
94 74
94 117
94 99
94 6
94 27
94 16
94 132
94 81
94 73
94 57
94 82
94 7
94 127
94 84
94 55
94 21
94 143
94 40
94 20
94 33
94 89
94 92
94 129
94 118
94 51
94 8
94 79
94 28
94 110
94 96
52 47
52 109
52 32
52 98
52 125
52 118
52 45
52 99
52 134
52 88
52 76
52 85
52 128
52 122
52 121
52 58
52 91
52 110
52 81
52 93
52 53
52 14
52 75
52 119
52 73
52 54
52 20
52 131
52 112
52 26
52 142
52 46
52 80
52 33
52 39
52 100
52 71
52 86
52 114
52 116
52 141
52 23
52 68
52 72
47 74
47 99
47 19
47 66
47 149
47 31
47 89
47 131
47 55
47 87
47 5
47 133
47 113
47 108
47 54
47 7
47 103
47 34
47 3
47 115
47 136
47 97
47 79
47 8
47 84
47 78
47 147
47 90
47 80
47 100
47 53
47 93
47 95
47 141
47 4
47 114
47 145
47 63
47 38
47 129
47 96
47 150
47 33
47 29
47 111
47 130
47 85
47 56
47 22
47 43
47 51
47 142
47 101
74 16
74 3
74 21
74 119
74 127
74 131
74 125
74 38
74 146
74 114
74 98
74 30
74 19
74 101
74 43
74 4
74 145
74 136
74 60
74 121
74 20
74 13
74 8
74 134
74 70
74 17
74 104
74 118
74 33
74 148
74 65
74 39
74 18
74 89
74 80
74 59
74 112
16 46
16 55
16 93
16 37
16 96
16 87
16 144
16 75
16 58
16 130
16 139
16 39
16 80
16 102
16 81
16 17
16 23
16 111
16 30
16 33
16 57
16 18
16 101
16 110
16 83
16 118
16 95
16 6
16 98
16 43
16 40
16 22
16 41
16 82
16 129
16 27
16 76
16 8
16 145
46 30
46 35
46 87
46 98
46 73
46 10
46 128
46 25
46 132
46 85
46 17
46 38
46 65
46 150
46 33
46 40
46 135
46 68
46 72
46 21
46 82
46 22
46 146
46 109
46 145
46 80
46 4
46 121
46 120
46 8
46 63
46 57
46 27
46 83
46 141
46 45
46 142
46 31
46 15
46 20
46 88
46 84
46 14
46 114
46 93
30 145
30 143
30 127
30 86
30 138
30 87
30 118
30 54
30 71
30 84
30 120
30 147
30 89
30 128
30 148
30 142
30 33
30 114
30 45
30 133
30 32
30 82
30 63
30 66
30 39
30 112
30 88
30 119
30 121
30 79
30 35
30 116
30 1
30 125
30 150
30 99
30 137
30 53
30 92
145 59
145 35
145 112
145 122
145 75
145 57
145 139
145 117
145 14
145 148
145 55
145 23
145 103
145 128
145 19
145 84
145 43
145 147
145 96
145 121
145 93
145 56
145 24
145 132
145 137
145 10
145 53
145 136
145 41
145 4
145 144
145 92
145 71
145 87
145 6
145 39
145 131
145 28
59 23
59 26
59 138
59 125
59 35
59 61
59 143
59 31
59 44
59 101
59 91
59 126
59 63
59 144
59 147
59 4
59 128
59 104
59 113
59 78
59 137
59 98
59 89
59 82
59 87
59 114
59 99
59 141
59 132
59 131
59 57
59 112
59 21
59 120
59 79
59 100
59 121
59 69
59 25
59 5
23 122
23 73
23 105
23 25
23 132
23 90
23 92
23 110
23 11
23 118
23 33
23 45
23 109
23 96
23 51
23 97
23 143
23 149
23 150
23 89
23 41
23 67
23 104
23 117
23 121
23 18
23 85
23 125
23 140
23 93
23 63
23 72
23 120
23 116
23 31
23 42
23 88
122 29
122 65
122 41
122 77
122 141
122 15
122 91
122 58
122 120
122 68
122 45
122 54
122 11
122 76
122 99
122 96
122 87
122 112
122 39
122 13
122 85
122 22
122 5
122 117
122 140
122 34
122 126
122 75
122 92
122 57
122 6
122 100
122 40
122 20
122 66
122 89
122 134
122 18
122 17
122 44
122 82
29 26
29 136
29 21
29 127
29 4
29 91
29 71
29 55
29 88
29 20
29 92
29 22
29 51
29 113
29 37
29 114
29 43
29 128
29 38
29 90
29 125
29 137
29 15
29 66
29 112
29 93
29 28
29 96
29 126
29 25
29 27
29 139
29 135
29 64
29 72
29 133
29 110
26 69
26 96
26 7
26 6
26 90
26 85
26 11
26 118
26 28
26 64
26 101
26 134
26 121
26 56
26 5
26 141
26 149
26 39
26 58
26 61
26 80
26 117
26 144
26 27
26 19
26 73
26 136
26 142
26 81
26 104
26 71
26 79
26 17
26 14
26 35
26 3
26 125
26 89
26 43
26 57
26 109
26 147
69 111
69 112
69 91
69 80
69 85
69 3
69 114
69 67
69 18
69 105
69 68
69 97
69 125
69 133
69 10
69 135
69 103
69 146
69 109
69 35
69 139
69 89
69 43
69 100
69 79
69 45
69 38
69 66
69 108
111 58
111 128
111 20
111 100
111 89
111 28
111 35
111 11
111 19
111 139
111 137
111 81
111 32
111 91
111 45
111 102
111 12
111 109
111 76
111 112
111 141
111 144
111 10
111 44
111 17
111 134
111 101
111 78
111 147
111 21
111 131
111 42
111 120
111 51
111 88
111 40
111 105
111 27
111 83
111 103
111 73
111 125
58 67
58 71
58 138
58 4
58 63
58 114
58 120
58 88
58 116
58 91
58 37
58 115
58 5
58 17
58 99
58 146
58 149
58 109
58 104
58 77
58 27
58 24
58 44
58 61
58 125
58 6
58 35
58 42
58 14
58 79
58 100
58 41
58 38
58 19
58 131
58 3
58 83
58 28
58 11
58 102
58 72
67 150
67 115
67 27
67 66
67 44
67 125
67 45
67 19
67 8
67 12
67 60
67 28
67 144
67 116
67 102
67 78
67 138
67 64
67 35
67 56
67 98
67 119
67 75
67 11
67 80
67 43
67 37
67 42
67 128
67 105
67 4
67 24
67 87
67 33
67 15
67 131
67 135
67 17
150 132
150 136
150 11
150 3
150 98
150 90
150 138
150 129
150 20
150 99
150 116
150 87
150 72
150 88
150 71
150 135
150 108
150 128
150 113
150 53
150 83
150 82
150 70
150 105
150 146
150 78
150 134
150 14
150 65
150 21
150 63
150 68
150 51
150 96
150 147
150 15
132 60
132 141
132 93
132 41
132 22
132 56
132 108
132 144
132 73
132 101
132 129
132 98
132 100
132 53
132 63
132 12
132 128
132 83
132 85
132 66
132 5
132 81
132 70
132 3
132 19
132 96
132 117
132 13
132 76
132 39
132 89
132 37
132 7
132 91
132 20
132 61
132 131
60 32
60 5
60 43
60 14
60 95
60 11
60 82
60 85
60 25
60 144
60 136
60 56
60 72
60 96
60 116
60 88
60 142
60 45
60 35
60 1
60 125
60 91
60 110
60 10
60 84
60 90
60 75
60 134
60 8
60 104
60 21
60 65
60 53
60 128
60 102
60 112
60 66
32 100
32 114
32 18
32 78
32 97
32 4
32 3
32 87
32 39
32 25
32 88
32 84
32 38
32 45
32 85
32 102
32 61
32 96
32 22
32 34
32 137
32 28
32 125
32 17
32 89
32 81
32 6
32 146
32 109
32 136
32 12
100 138
100 18
100 143
100 110
100 44
100 71
100 118
100 146
100 109
100 21
100 27
100 92
100 102
100 68
100 149
100 37
100 5
100 128
100 119
100 84
100 78
100 137
100 87
100 120
100 141
100 57
100 97
138 102
138 20
138 139
138 34
138 93
138 8
138 71
138 115
138 98
138 127
138 82
138 55
138 45
138 11
138 53
138 97
138 51
138 146
138 54
138 121
138 80
138 75
138 19
138 40
138 129
138 78
138 144
138 21
138 1
138 134
138 22
138 117
138 142
138 31
102 91
102 28
102 108
102 114
102 33
102 24
102 80
102 34
102 86
102 144
102 39
102 38
102 14
102 25
102 21
102 109
102 118
102 149
102 121
102 37
102 89
102 133
102 95
102 140
102 63
102 137
102 104
102 17
102 15
91 31
91 101
91 85
91 86
91 12
91 15
91 129
91 35
91 115
91 81
91 72
91 13
91 57
91 103
91 3
91 43
91 92
91 54
91 127
91 14
91 8
91 131
91 112
91 1
91 53
91 146
91 135
91 126
91 65
91 80
91 104
91 64
91 142
91 88
91 120
31 5
31 64
31 115
31 98
31 136
31 17
31 79
31 129
31 92
31 10
31 144
31 7
31 148
31 117
31 142
31 3
31 81
31 40
31 39
31 78
31 128
31 116
31 22
31 65
31 33
31 125
31 96
31 126
31 121
31 139
31 42
31 95
31 38
31 44
31 80
5 139
5 28
5 79
5 110
5 142
5 75
5 105
5 135
5 141
5 51
5 126
5 128
5 76
5 81
5 130
5 116
5 27
5 21
5 15
5 118
5 87
5 24
5 72
5 85
5 7
5 113
5 12
139 85
139 39
139 81
139 83
139 40
139 134
139 133
139 20
139 140
139 115
139 101
139 135
139 35
139 45
139 143
139 144
139 71
139 97
139 44
139 13
139 42
139 80
139 15
139 12
139 119
139 149
139 128
139 93
139 110
139 117
139 125
139 57
139 105
85 115
85 7
85 80
85 63
85 96
85 90
85 77
85 35
85 41
85 27
85 128
85 147
85 134
85 103
85 131
85 1
85 143
85 64
85 72
85 75
85 21
85 114
85 18
85 61
85 43
85 109
85 83
85 97
85 13
85 4
85 121
85 44
85 40
85 25
115 95
115 57
115 42
115 73
115 8
115 82
115 93
115 127
115 77
115 1
115 43
115 96
115 88
115 76
115 27
115 97
115 38
115 64
115 7
115 117
115 19
115 56
115 44
115 128
115 120
115 101
115 92
115 110
115 45
115 65
115 13
115 90
115 54
95 41
95 12
95 120
95 6
95 104
95 133
95 78
95 116
95 54
95 136
95 119
95 112
95 55
95 146
95 3
95 43
95 65
95 127
95 70
95 130
95 149
95 28
95 140
95 137
95 61
95 99
95 71
95 109
95 108
95 45
95 19
95 128
95 39
95 87
95 110
95 8
95 93
41 118
41 140
41 109
41 6
41 103
41 40
41 121
41 43
41 13
41 133
41 117
41 76
41 96
41 7
41 88
41 28
41 136
41 98
41 24
41 97
41 137
41 17
41 127
41 15
41 22
41 11
41 75
41 1
41 105
41 114
41 147
41 78
41 35
118 7
118 143
118 45
118 44
118 87
118 79
118 73
118 134
118 68
118 105
118 64
118 13
118 127
118 83
118 33
118 99
118 34
118 19
118 4
118 75
118 40
118 71
118 21
118 70
118 101
118 10
118 119
7 51
7 105
7 1
7 34
7 43
7 109
7 117
7 77
7 10
7 110
7 97
7 83
7 54
7 142
7 127
7 6
7 55
7 57
7 45
7 56
7 104
7 25
7 119
7 135
7 79
7 17
7 39
7 19
7 125
7 88
7 35
7 93
7 22
51 97
51 126
51 130
51 71
51 82
51 39
51 89
51 70
51 137
51 76
51 65
51 142
51 121
51 119
51 110
51 42
51 64
51 81
51 105
51 101
51 96
51 12
51 75
51 78
51 4
51 3
51 14
51 68
51 8
51 38
51 79
51 54
51 80
51 134
51 66
51 72
97 45
97 39
97 79
97 17
97 75
97 12
97 103
97 93
97 112
97 72
97 65
97 70
97 40
97 143
97 37
97 18
97 81
97 43
97 35
97 77
97 61
97 21
97 127
97 129
97 121
97 126
97 13
97 101
97 98
97 8
97 114
97 149
97 57
97 25
97 92
97 96
97 68
97 135
45 38
45 21
45 98
45 57
45 4
45 17
45 54
45 39
45 103
45 75
45 6
45 76
45 105
45 42
45 88
45 44
45 34
45 80
45 113
45 140
45 77
45 149
45 92
45 28
45 14
45 1
45 116
38 82
38 11
38 90
38 103
38 81
38 148
38 108
38 109
38 137
38 68
38 17
38 44
38 55
38 117
38 57
38 75
38 78
38 71
38 42
38 93
38 88
38 53
38 84
38 105
38 80
38 56
38 3
38 134
38 65
82 141
82 120
82 140
82 65
82 39
82 43
82 37
82 135
82 3
82 25
82 8
82 68
82 53
82 89
82 17
82 119
82 96
82 104
82 114
82 88
82 131
82 121
82 12
82 83
82 71
82 13
82 146
82 130
82 35
82 116
82 61
82 144
141 25
141 121
141 104
141 13
141 55
141 98
141 43
141 63
141 143
141 56
141 35
141 148
141 39
141 1
141 68
141 84
141 79
141 137
141 142
141 109
141 127
141 76
25 92
25 27
25 15
25 114
25 127
25 133
25 89
25 83
25 148
25 40
25 70
25 53
25 134
25 88
25 126
25 143
25 108
25 42
25 130
25 103
25 68
25 56
25 136
25 64
25 18
25 44
25 13
25 4
25 146
25 8
92 33
92 76
92 21
92 68
92 137
92 3
92 142
92 93
92 90
92 11
92 20
92 147
92 35
92 81
92 79
92 131
92 40
92 117
92 43
92 112
33 73
33 27
33 96
33 108
33 14
33 112
33 55
33 126
33 101
33 22
33 129
33 133
33 77
33 20
33 10
33 35
33 114
33 54
33 8
33 57
33 18
33 13
33 56
33 75
33 147
33 113
33 76
33 12
33 71
33 149
33 43
33 72
33 19
33 143
33 146
33 105
33 11
73 4
73 120
73 10
73 44
73 79
73 149
73 72
73 134
73 81
73 98
73 8
73 42
73 103
73 64
73 75
73 135
73 61
73 18
73 112
73 148
73 137
73 27
73 3
73 55
73 87
73 126
73 131
73 15
4 6
4 55
4 121
4 109
4 68
4 43
4 87
4 10
4 21
4 11
4 44
4 144
4 117
4 35
4 8
4 130
4 133
4 148
4 114
4 28
4 39
4 72
4 125
4 19
4 110
4 99
4 40
4 149
4 54
4 131
6 137
6 143
6 86
6 71
6 11
6 103
6 129
6 15
6 147
6 113
6 1
6 79
6 65
6 114
6 140
6 99
6 83
137 43
137 99
137 18
137 34
137 147
137 112
137 77
137 83
137 80
137 129
137 105
137 66
137 117
137 108
137 22
137 144
137 13
137 63
137 54
137 109
137 61
137 78
137 65
137 27
137 143
137 72
137 64
137 90
137 121
137 76
43 104
43 40
43 34
43 143
43 71
43 108
43 54
43 93
43 37
43 70
43 75
43 133
43 103
43 79
43 128
43 35
43 42
43 112
43 28
43 130
43 144
43 109
43 24
43 146
43 11
43 55
43 131
104 144
104 37
104 34
104 66
104 148
104 90
104 18
104 77
104 71
104 86
104 11
104 40
104 101
104 17
104 99
104 109
104 88
104 10
104 39
104 87
104 12
104 119
104 84
104 24
104 130
104 42
104 55
104 120
104 140
144 99
144 125
144 84
144 81
144 109
144 40
144 70
144 27
144 113
144 135
144 15
144 24
144 54
144 87
144 10
144 22
144 96
144 42
144 119
144 57
144 12
99 117
99 149
99 126
99 14
99 146
99 27
99 133
99 120
99 119
99 98
99 35
99 130
99 140
99 37
99 3
99 93
99 79
99 53
99 90
99 17
99 44
99 116
99 21
99 54
117 79
117 103
117 113
117 18
117 54
117 81
117 131
117 28
117 20
117 15
117 77
117 105
117 39
117 127
117 136
117 12
117 143
117 40
79 129
79 146
79 18
79 12
79 42
79 109
79 80
79 34
79 3
79 113
79 15
79 133
79 136
79 11
79 22
79 78
79 149
79 21
79 84
79 64
79 148
79 40
129 81
129 12
129 27
129 10
129 130
129 75
129 88
129 108
129 149
129 86
129 39
129 143
129 65
129 55
129 136
129 76
129 146
129 134
129 56
129 80
129 84
129 40
129 14
129 110
129 77
129 140
129 103
129 120
129 61
81 112
81 110
81 113
81 72
81 15
81 64
81 54
81 101
81 88
81 13
81 116
81 149
81 75
81 136
81 87
81 114
81 119
81 108
81 17
81 84
81 77
81 93
81 18
81 63
81 12
81 147
81 11
112 24
112 65
112 127
112 134
112 105
112 14
112 17
112 87
112 121
112 133
112 34
112 66
112 71
112 88
112 98
112 77
112 10
112 140
112 27
112 13
112 108
112 89
112 18
112 20
112 83
112 125
24 12
24 18
24 61
24 71
24 15
24 146
24 121
24 101
24 148
24 54
24 88
24 34
24 136
24 127
24 27
24 83
24 109
24 10
24 35
24 3
24 143
24 77
24 142
24 28
24 134
24 8
24 119
24 80
24 140
24 149
24 20
24 22
24 110
24 93
12 72
12 103
12 105
12 125
12 22
12 149
12 89
12 147
12 108
12 142
12 15
12 35
12 109
12 37
12 76
12 42
12 19
12 78
12 146
12 55
12 87
12 13
12 130
12 110
12 88
72 76
72 84
72 71
72 109
72 39
72 42
72 14
72 148
72 56
72 89
72 54
72 114
72 15
72 103
72 121
72 110
72 8
72 17
72 125
72 21
72 120
72 68
72 126
76 68
76 90
76 148
76 53
76 13
76 40
76 93
76 127
76 10
76 146
76 126
76 116
76 39
76 34
76 130
76 61
76 56
76 20
76 121
76 55
76 54
76 119
76 14
68 8
68 54
68 127
68 84
68 142
68 55
68 34
68 15
68 131
68 134
68 57
68 14
68 3
68 65
68 125
68 89
68 90
68 87
68 88
68 130
68 40
8 39
8 17
8 10
8 88
8 116
8 20
8 11
8 64
8 128
8 114
8 136
8 70
8 44
8 66
8 14
8 78
39 34
39 37
39 20
39 56
39 61
39 86
39 134
39 96
39 140
39 71
39 136
39 88
39 135
39 3
39 80
39 142
39 143
39 149
39 133
39 148
39 21
39 54
39 113
34 71
34 96
34 148
34 130
34 86
34 134
34 28
34 11
34 54
34 116
34 93
34 70
34 3
34 13
34 84
34 135
34 35
34 149
34 53
34 37
34 103
34 17
34 15
34 140
71 108
71 53
71 98
71 19
71 148
71 56
71 127
71 142
71 80
71 89
71 14
71 133
71 66
71 10
71 121
71 70
71 146
71 140
71 114
71 109
71 120
108 101
108 149
108 37
108 63
108 75
108 53
108 146
108 55
108 140
108 54
108 89
108 87
108 3
108 103
108 142
108 126
108 28
108 15
108 98
108 136
108 84
108 61
108 70
108 22
108 147
108 130
108 86
108 120
108 128
101 15
101 54
101 78
101 56
101 42
101 143
101 133
101 35
101 149
101 80
101 40
15 1
15 146
15 10
15 83
15 55
15 126
15 42
15 70
15 86
15 18
15 13
15 121
15 120
15 90
15 143
15 140
15 147
15 53
15 96
1 55
1 28
1 13
1 40
1 103
1 75
1 121
1 116
1 54
1 70
1 53
1 134
1 140
1 126
1 66
1 17
1 64
55 13
55 17
55 88
55 121
55 135
55 116
55 44
55 75
55 65
55 54
55 53
55 28
55 27
55 149
55 119
55 148
55 127
55 133
55 90
55 84
55 22
55 42
55 96
55 103
55 14
13 70
13 131
13 103
13 114
13 78
13 17
13 11
13 28
13 140
13 21
13 135
13 80
13 3
13 146
13 136
13 133
13 56
13 125
13 22
13 77
70 125
70 148
70 88
70 105
70 83
70 84
70 57
70 110
70 127
70 109
70 93
70 10
70 19
70 53
70 98
70 27
70 87
70 119
70 11
70 75
70 18
125 87
125 75
125 142
125 77
125 35
125 110
125 28
125 130
125 127
125 19
125 21
125 90
125 147
125 84
125 18
125 120
125 131
125 20
125 56
125 65
125 149
125 61
125 78
125 134
125 98
125 53
125 63
87 146
87 21
87 28
87 96
87 148
87 131
87 136
87 84
87 121
87 134
87 56
87 61
87 130
87 37
87 93
87 19
87 113
146 44
146 88
146 77
146 10
146 61
146 56
146 142
146 35
146 134
146 148
146 14
146 64
146 22
146 80
146 78
146 120
146 140
44 65
44 126
44 54
44 128
44 53
44 147
44 88
44 28
44 18
44 96
44 35
44 140
44 130
44 110
65 18
65 11
65 88
65 136
65 61
65 96
65 28
65 90
65 105
65 128
65 64
65 22
65 149
65 77
65 78
65 42
65 120
65 126
18 147
18 84
18 56
18 130
18 64
18 78
18 14
18 114
18 90
18 19
18 27
18 133
18 17
18 148
18 35
18 134
147 40
147 61
147 78
147 120
147 148
147 21
147 75
147 149
147 131
147 14
147 98
147 135
147 63
147 134
147 17
147 35
147 20
147 113
40 10
40 90
40 105
40 20
40 28
40 57
40 17
40 63
40 3
40 126
40 89
40 121
40 19
40 64
40 113
40 149
40 110
10 54
10 90
10 149
10 86
10 136
10 126
10 20
10 66
10 96
10 93
10 134
10 109
10 103
10 75
10 135
10 57
10 114
10 64
54 116
54 66
54 131
54 27
54 110
54 75
54 89
54 28
54 78
54 20
54 19
54 42
54 119
54 140
54 121
54 135
116 96
116 53
116 75
116 128
116 14
116 103
116 98
116 57
116 121
116 113
116 120
116 140
116 133
116 90
96 128
96 110
96 103
96 121
96 135
96 80
96 11
96 61
96 105
96 42
128 3
128 11
128 130
128 63
128 42
128 53
128 19
128 66
128 20
128 75
128 27
128 140
128 114
128 80
128 57
128 103
128 135
128 56
128 119
128 98
128 93
128 84
128 90
3 136
3 86
3 105
3 17
3 103
3 130
3 27
3 98
3 22
3 148
3 84
3 35
3 88
3 114
136 130
136 120
136 84
136 93
136 88
136 110
136 37
136 121
136 61
136 126
136 149
136 109
136 28
136 135
136 143
136 11
136 148
130 63
130 11
130 88
130 113
130 98
130 83
130 109
130 77
130 126
130 75
130 28
130 78
130 61
130 142
130 133
130 84
130 53
130 17
130 86
130 143
130 121
130 19
130 42
63 140
63 103
63 35
63 114
63 11
63 20
63 27
63 66
63 134
63 42
63 88
63 119
63 78
63 133
63 64
63 135
140 20
140 27
140 114
140 131
140 14
140 88
140 90
140 66
140 119
140 75
140 105
140 11
140 53
140 149
140 110
140 109
140 142
140 78
140 57
20 131
20 14
20 113
20 22
20 109
20 119
20 57
20 148
20 105
20 80
20 149
20 84
20 142
20 56
131 42
131 84
131 75
131 103
131 110
131 135
131 78
131 14
131 27
131 121
131 66
131 98
131 86
131 93
131 134
131 11
131 64
131 133
131 61
42 89
42 90
42 77
42 53
42 28
42 61
42 11
42 134
42 64
89 75
89 61
89 105
89 126
89 98
89 114
89 17
89 11
89 127
89 148
89 149
89 80
75 142
75 77
75 127
75 133
75 17
75 19
75 21
75 57
75 22
75 103
75 66
75 135
75 90
75 27
75 109
142 114
142 110
142 61
142 134
142 103
142 86
142 78
142 56
142 109
142 83
142 66
114 56
114 22
114 53
114 109
114 80
114 149
114 86
114 143
114 28
114 14
114 78
114 11
114 64
114 84
114 35
114 61
114 133
114 93
56 143
56 109
56 121
56 133
56 19
56 14
56 86
56 148
56 103
56 61
56 127
56 126
143 21
143 14
143 93
143 78
143 35
143 133
143 61
143 22
143 37
143 98
143 121
21 37
21 19
21 149
21 86
21 134
21 113
21 133
21 110
21 127
21 93
21 126
21 83
37 57
37 64
37 80
37 120
37 135
37 98
37 113
37 133
37 22
37 66
37 86
37 53
37 105
37 35
37 11
37 126
37 149
37 19
57 121
57 84
57 11
57 126
57 90
57 66
57 105
121 135
121 126
121 11
121 83
121 28
121 84
121 134
121 148
121 98
121 66
135 90
135 120
135 61
135 127
135 93
135 11
135 22
135 28
135 133
135 27
135 134
135 35
135 53
135 103
90 77
90 66
90 83
90 17
90 53
90 88
90 84
90 78
90 22
90 110
77 78
77 93
77 19
77 109
77 103
77 14
77 66
77 28
77 84
77 134
77 80
77 53
77 110
77 126
78 127
78 126
78 80
78 149
78 120
78 83
78 88
78 61
127 66
127 110
127 53
127 19
127 35
127 105
127 86
127 27
127 83
66 120
66 61
66 98
66 19
66 148
66 64
120 86
120 14
120 133
120 28
120 35
120 148
120 84
120 83
120 119
86 93
86 27
86 11
86 61
86 133
86 110
86 134
86 148
86 22
86 80
93 83
93 126
93 113
93 80
93 19
93 84
93 98
93 109
93 53
93 119
93 14
83 105
83 11
83 61
83 84
83 14
83 27
105 80
105 27
105 19
105 28
105 103
105 84
105 17
105 61
105 149
105 113
105 22
80 148
80 28
80 84
80 103
80 126
80 17
80 22
80 98
80 14
80 61
80 19
148 109
148 119
148 84
148 53
148 98
148 14
109 17
109 35
109 53
109 61
109 19
109 14
17 35
17 88
17 84
17 22
17 133
35 64
35 28
35 126
35 134
64 103
64 11
64 134
64 14
64 113
103 28
103 84
103 126
103 88
103 14
103 149
103 134
103 133
103 110
28 134
28 19
28 110
28 61
28 53
28 22
28 84
134 126
134 14
134 84
134 19
126 19
126 84
126 88
126 133
126 22
126 98
126 110
19 119
19 53
19 149
119 61
119 14
119 149
119 22
61 53
61 88
61 27
61 14
61 98
53 98
53 88
53 84
98 11
98 88
98 14
98 133
11 88
88 133
88 27
133 113
133 149
133 22
113 14
113 22
113 27
113 149
14 27
14 84
27 22
27 84
27 149
22 149
22 110
149 110
110 84
