18 77
18 42
18 78
18 36
18 66
18 83
18 48
18 11
18 34
18 86
18 70
18 20
18 69
18 38
18 82
18 10
18 65
18 3
18 41
18 28
18 59
18 61
18 8
18 72
18 32
18 73
18 46
18 90
18 84
18 47
18 55
18 58
18 1
18 35
18 39
18 49
18 25
18 31
18 43
18 7
18 16
18 15
18 22
18 5
18 60
18 71
18 14
18 57
18 54
18 6
18 4
18 56
18 67
18 50
18 24
18 74
18 51
18 37
53 84
53 19
53 50
53 36
53 34
53 82
53 5
53 62
53 76
53 21
53 51
53 60
53 85
53 12
53 1
53 25
53 30
53 40
53 75
53 72
53 9
53 80
53 24
53 69
53 8
53 66
53 41
53 73
53 20
53 32
53 78
53 90
53 42
53 38
53 46
53 61
53 3
53 59
84 80
84 58
84 13
84 88
84 82
84 44
84 71
84 46
84 51
84 11
84 4
84 55
84 22
84 64
84 77
84 78
84 49
84 8
84 20
84 69
84 89
84 23
84 31
84 9
84 32
84 26
84 50
84 75
80 40
80 69
80 86
80 27
80 39
80 38
80 9
80 66
80 74
80 48
80 7
80 41
80 59
80 90
80 15
80 76
40 72
40 71
40 21
40 7
40 16
40 69
40 28
40 49
40 44
40 31
40 6
40 5
40 4
40 46
40 25
40 77
40 11
40 86
40 55
40 36
40 56
40 1
72 9
72 15
72 87
72 39
72 35
72 69
72 29
72 61
72 65
72 11
72 5
72 50
72 8
72 89
72 13
72 20
72 38
72 73
72 25
72 45
72 51
9 19
9 28
9 42
9 25
9 48
9 88
9 85
9 22
9 49
9 62
9 37
9 60
9 32
9 52
9 33
9 35
9 31
9 26
9 76
9 7
9 8
9 55
9 51
9 70
9 29
9 3
9 56
9 89
9 83
9 71
19 34
19 30
19 10
19 89
19 74
19 17
19 41
19 51
19 44
19 7
19 11
19 68
19 67
19 62
19 42
19 81
19 65
19 22
19 16
19 54
34 47
34 71
34 8
34 66
34 69
34 63
34 86
34 14
34 28
34 25
34 82
34 31
34 39
34 11
34 65
34 75
34 55
34 49
34 35
34 79
34 48
34 30
34 56
34 73
34 17
34 16
34 67
34 6
34 77
34 29
34 36
47 69
47 57
47 55
47 5
47 62
47 70
47 4
47 79
47 81
47 76
47 3
47 58
47 82
47 29
47 24
47 52
47 89
47 48
47 74
47 30
47 36
47 27
47 65
47 77
69 8
69 89
69 44
69 31
69 12
69 71
69 51
69 33
69 7
69 22
69 4
69 5
69 90
69 74
69 14
69 35
69 76
69 50
69 55
69 77
69 62
69 81
8 55
8 81
8 51
8 61
8 58
8 42
8 73
8 15
8 39
8 32
8 41
8 78
8 36
8 48
8 49
8 35
8 2
8 6
8 20
8 12
8 37
8 14
8 22
8 5
8 65
55 30
55 67
55 27
55 13
55 29
55 10
55 61
55 79
55 16
55 82
55 15
55 3
55 20
55 58
55 76
55 70
55 51
55 33
55 45
55 83
30 65
30 3
30 48
30 41
30 12
30 62
30 42
30 17
30 29
30 71
30 13
30 45
30 86
30 77
30 22
30 66
30 82
30 74
30 26
30 5
30 35
30 52
30 14
65 89
65 22
65 3
65 20
65 57
65 7
65 10
65 33
65 2
65 76
65 78
65 45
65 24
65 26
65 86
65 12
65 23
65 21
65 44
65 83
65 48
65 46
65 41
65 54
65 63
65 68
65 28
89 58
89 1
89 81
89 87
89 29
89 2
89 35
89 23
89 77
89 24
89 73
89 46
89 36
89 31
89 20
89 32
89 7
89 63
89 42
89 25
89 67
89 12
89 56
89 64
89 50
89 44
89 39
58 44
58 10
58 11
58 66
58 62
58 68
58 20
58 86
58 22
58 28
58 6
58 87
58 85
58 52
58 54
58 46
58 49
58 32
44 66
44 75
44 56
44 14
44 7
44 64
44 12
44 23
44 11
44 39
44 48
44 51
44 86
44 5
44 46
66 10
66 23
66 29
66 68
66 60
66 20
66 26
66 11
66 90
66 79
66 22
66 37
66 1
66 57
66 38
66 7
66 88
66 76
66 16
66 24
66 54
66 87
66 49
66 12
66 46
10 1
10 5
10 52
10 17
10 77
10 68
10 78
10 56
10 35
10 57
10 60
10 48
10 21
10 22
10 61
10 90
10 15
10 12
10 38
10 85
1 35
1 54
1 83
1 78
1 43
1 6
1 62
1 2
1 25
1 29
1 51
1 23
1 64
1 85
1 28
1 33
1 82
1 52
35 28
35 22
35 88
35 27
35 64
35 76
35 51
35 83
35 15
35 6
35 81
35 31
35 41
35 36
35 70
35 87
35 78
35 63
35 16
35 77
35 38
35 73
35 46
35 24
35 82
35 11
28 70
28 22
28 85
28 51
28 71
28 48
28 75
28 79
28 90
28 41
28 6
28 16
28 32
28 2
28 26
28 62
28 43
28 57
28 38
28 50
70 41
70 2
70 63
70 29
70 42
70 39
70 7
70 32
70 24
70 75
70 33
70 14
70 60
70 78
41 39
41 15
41 29
41 22
41 14
41 33
41 4
41 49
41 57
41 63
41 36
41 38
41 73
41 51
41 54
41 16
41 21
41 20
41 6
41 67
39 36
39 51
39 43
39 5
39 37
39 77
39 27
39 87
39 86
39 82
39 54
39 15
39 68
39 31
39 61
39 50
39 52
39 90
39 7
39 33
39 48
36 49
36 37
36 4
36 75
36 73
36 76
36 54
36 68
36 14
36 90
36 22
36 27
36 17
36 60
36 79
36 43
36 33
36 16
49 73
49 4
49 5
49 2
49 38
49 3
49 20
49 45
49 15
49 78
49 54
49 88
49 17
49 77
73 20
73 46
73 42
73 50
73 56
73 22
73 13
73 3
73 64
73 77
73 59
73 21
73 2
73 67
73 79
73 33
73 86
73 54
73 14
73 83
73 52
73 90
20 26
20 6
20 12
20 2
20 59
20 37
20 81
20 32
20 11
20 71
20 76
26 45
26 67
26 82
26 43
26 27
26 21
26 75
26 90
26 50
26 60
26 59
26 79
26 24
45 11
45 71
45 78
45 4
45 31
45 48
45 25
45 82
45 75
45 51
45 62
45 63
45 7
45 52
45 3
45 56
11 48
11 16
11 82
11 42
11 24
11 67
11 60
11 31
11 15
11 64
11 81
11 5
11 32
11 86
11 43
11 21
11 25
11 33
11 29
11 7
48 85
48 64
48 67
48 62
48 21
48 3
48 61
48 86
48 33
48 63
48 82
48 24
48 74
48 78
48 83
48 77
48 52
48 59
48 2
48 17
85 25
85 52
85 29
85 15
85 67
85 6
85 81
85 62
85 4
85 23
85 31
85 3
85 5
85 14
85 12
85 56
85 77
85 33
85 24
85 2
85 71
85 79
85 37
25 68
25 63
25 43
25 86
25 12
25 67
25 62
25 4
25 2
25 14
25 64
25 60
25 76
25 57
25 56
25 21
25 23
68 31
68 24
68 88
68 52
68 82
68 57
68 6
68 63
68 29
68 81
31 75
31 4
31 88
31 12
31 71
31 46
31 29
31 7
31 63
31 78
31 59
31 21
31 17
31 67
31 14
31 23
31 22
75 21
75 22
75 57
75 5
75 87
75 81
75 64
75 90
75 24
75 59
75 4
75 86
75 27
75 51
75 88
75 52
75 15
75 63
75 56
75 29
75 83
75 16
75 13
75 79
21 43
21 24
21 79
21 17
21 13
21 14
21 63
21 90
21 71
21 51
21 7
21 78
21 12
21 57
21 5
21 2
43 62
43 42
43 33
43 46
43 15
43 7
43 52
43 29
43 5
43 74
43 32
43 63
43 24
43 3
43 56
62 7
62 88
62 27
62 24
62 56
62 22
62 77
62 67
62 42
62 37
62 14
62 12
62 78
62 86
62 64
62 38
7 16
7 78
7 17
7 82
7 54
7 87
7 29
7 51
7 88
7 42
7 27
7 56
7 4
7 57
16 15
16 57
16 78
16 77
16 88
16 23
16 60
16 87
16 5
16 56
16 29
16 51
16 13
16 4
16 33
16 61
16 86
15 63
15 24
15 81
15 4
15 50
15 90
15 22
15 46
15 79
15 59
15 51
15 76
15 2
15 61
15 86
15 23
15 57
15 60
15 27
63 32
63 54
63 78
63 17
63 37
63 90
63 71
63 67
63 42
63 88
63 81
63 76
63 60
63 13
63 79
63 46
63 33
32 22
32 86
32 67
32 52
32 81
22 5
22 38
22 6
22 46
22 3
22 67
22 57
22 54
22 86
22 82
22 56
5 2
5 90
5 54
5 42
5 88
5 77
5 78
5 67
5 64
5 56
5 61
5 37
5 29
2 78
2 54
2 33
2 82
2 52
2 59
2 51
2 37
2 60
2 67
2 24
2 71
2 74
2 77
2 12
78 33
78 59
78 64
78 87
78 14
78 46
78 42
78 17
78 24
78 37
33 60
33 29
33 14
33 42
33 52
33 23
33 87
33 17
33 46
33 82
60 71
60 50
60 59
60 88
60 54
60 24
60 57
71 90
71 88
71 64
71 67
71 13
71 37
71 4
71 56
71 61
71 27
90 27
90 54
90 61
90 46
90 59
90 4
90 76
90 23
90 87
90 74
90 13
90 77
90 12
90 29
90 14
27 14
27 4
27 56
27 86
27 12
27 54
27 79
27 13
27 76
14 64
14 61
14 77
14 86
14 87
14 42
14 74
14 83
14 29
64 42
64 83
64 4
64 87
64 54
64 37
64 76
64 77
64 38
64 52
64 81
42 38
42 13
42 3
42 24
42 4
42 56
42 23
42 51
42 77
42 61
42 87
42 17
42 59
38 57
38 83
38 52
38 29
38 24
38 88
38 13
38 37
57 54
57 17
57 82
57 23
57 37
57 59
57 13
54 6
54 46
54 79
54 87
54 51
54 37
54 17
54 61
54 83
54 24
54 67
54 59
54 74
6 88
6 56
6 82
6 83
6 23
6 50
88 52
88 29
88 17
88 81
88 86
88 51
88 87
88 77
88 3
52 4
52 3
52 59
52 13
52 67
52 29
4 56
4 37
4 74
4 12
4 67
4 76
56 67
56 3
56 87
56 77
56 74
67 76
67 82
67 13
67 86
67 23
67 83
76 50
76 17
76 61
76 46
76 77
50 46
50 12
50 81
50 86
46 12
46 29
46 59
46 79
12 61
12 82
12 37
12 83
12 17
61 24
61 86
61 77
61 83
61 37
61 29
61 59
61 82
24 23
24 82
24 79
24 87
24 51
24 81
24 83
24 37
24 77
23 3
23 77
23 74
23 86
3 29
29 59
29 82
29 37
29 86
29 79
29 83
29 17
59 86
59 79
59 81
86 74
86 77
86 37
86 87
74 82
74 87
74 77
74 37
82 87
87 51
87 83
51 81
81 13
81 17
13 83
13 17
83 17
83 77
83 37
17 79
79 37
79 77
37 77
