9 10
9 29
9 30
9 18
9 24
9 19
9 15
9 25
9 23
9 22
29 7
29 15
29 11
29 24
29 6
29 25
29 26
29 19
29 16
7 13
7 14
7 26
7 1
7 6
7 4
7 22
13 28
13 4
13 26
13 21
13 19
13 17
13 8
28 26
28 30
28 12
28 15
28 10
28 1
28 20
28 8
28 24
26 5
26 14
26 20
26 2
26 4
26 15
26 18
26 23
26 19
26 11
26 8
26 17
26 12
26 21
26 22
26 16
26 30
26 10
27 18
27 15
27 30
27 20
27 1
27 2
18 4
18 19
18 24
18 16
18 3
4 2
4 12
4 30
4 8
4 1
4 5
2 1
2 23
2 14
2 24
2 3
1 20
1 12
1 10
1 15
1 3
1 23
1 19
20 15
20 8
20 11
20 12
20 21
20 14
20 19
20 25
15 25
15 19
15 5
15 22
15 3
25 23
25 11
23 19
23 21
23 24
19 11
19 14
19 24
11 8
11 21
11 14
8 17
8 21
8 22
8 16
17 6
6 5
6 22
6 3
5 12
5 3
5 30
5 16
12 24
12 30
12 21
12 14
24 21
24 14
21 22
21 16
22 3
22 30
22 16
3 16
16 30
16 10
30 14
14 10
