3 35
3 25
3 13
3 16
3 19
3 38
3 60
3 21
3 5
3 28
3 57
3 18
3 47
3 40
3 68
3 45
3 11
3 8
3 63
3 53
3 69
3 61
3 49
3 2
3 20
3 23
3 30
3 64
3 59
3 41
3 67
3 56
3 32
3 31
3 50
3 58
3 14
3 22
3 26
3 12
3 52
3 7
3 10
3 9
3 44
3 65
3 24
3 43
3 15
3 66
25 2
25 10
25 7
25 51
25 47
25 19
25 36
25 33
25 58
25 69
25 26
25 38
25 12
25 50
25 52
25 53
25 30
2 48
2 45
2 22
2 12
2 15
2 8
2 40
2 53
2 41
2 4
2 1
2 5
2 23
2 60
2 11
2 49
2 47
2 20
2 18
2 69
2 63
2 68
2 16
2 61
48 30
48 40
48 50
48 28
48 31
48 22
48 55
48 35
48 51
48 42
48 7
48 53
48 14
48 9
48 68
48 29
48 19
48 23
48 60
30 55
30 64
30 14
30 52
30 60
30 57
30 69
30 27
30 8
30 32
30 24
30 39
30 26
30 31
30 29
30 20
30 22
30 15
30 56
30 34
30 35
30 4
30 46
30 18
30 43
30 50
30 67
55 64
55 33
55 44
55 7
55 12
55 67
55 9
55 29
55 6
55 14
64 59
64 35
64 44
64 12
64 5
64 54
64 49
64 32
64 38
64 18
64 29
64 17
64 13
64 63
64 33
64 23
64 22
64 4
64 6
64 21
64 9
59 41
59 51
59 5
59 6
59 52
59 69
59 47
59 60
59 11
59 34
59 38
59 54
59 21
59 67
59 50
59 61
41 49
41 5
41 15
41 47
41 38
41 52
41 60
41 57
41 10
41 7
41 23
41 39
41 13
41 1
41 6
49 67
49 66
49 32
49 43
49 6
49 68
49 15
49 14
49 57
49 33
49 4
49 27
49 53
49 31
49 70
49 11
49 38
49 20
49 51
49 13
67 56
67 61
67 54
67 62
67 69
67 45
67 60
67 20
67 11
67 8
67 37
67 40
67 17
67 6
67 13
67 34
67 26
56 13
56 36
56 11
56 35
56 19
56 21
56 33
56 57
56 28
56 16
56 6
56 26
56 62
56 40
56 66
56 44
56 69
56 53
56 63
56 14
56 39
56 52
56 17
13 23
13 62
13 60
13 37
13 8
13 43
13 54
13 36
13 28
13 6
13 18
13 24
13 61
13 47
23 32
23 54
23 1
23 17
23 69
23 42
23 21
23 52
23 37
23 4
23 31
23 40
23 24
23 65
23 43
23 34
23 44
23 62
32 19
32 18
32 37
32 42
32 28
32 39
32 5
32 45
32 14
32 60
32 7
19 5
19 54
19 38
19 14
19 4
19 27
19 66
19 61
19 8
19 34
19 68
19 63
19 9
19 17
19 50
19 60
19 11
19 58
19 69
5 31
5 51
5 62
5 18
5 17
5 57
5 50
5 22
5 40
5 4
5 61
5 52
5 66
5 11
5 14
31 4
31 51
31 6
31 9
31 14
31 1
31 58
31 16
31 7
31 26
31 21
31 20
31 22
31 46
31 8
31 39
31 62
31 45
31 33
31 50
4 37
4 52
4 22
4 50
4 61
4 27
4 10
4 53
4 40
4 34
4 1
4 14
4 26
4 16
4 21
4 28
37 38
37 39
37 35
37 20
37 58
37 40
37 57
37 8
37 70
37 52
37 50
37 62
37 34
37 69
37 12
38 47
38 29
38 17
38 63
38 68
38 53
38 52
38 6
38 40
38 65
38 10
38 51
38 12
38 42
38 62
38 16
47 20
47 35
47 34
47 33
47 1
47 40
47 65
20 50
20 36
20 28
20 65
20 43
20 66
20 15
20 70
20 18
20 16
20 63
20 57
20 52
20 33
20 1
20 14
50 58
50 12
50 57
50 16
50 70
50 7
50 66
50 45
50 65
50 14
50 6
50 43
50 54
50 62
50 21
58 14
58 8
58 52
58 10
58 33
58 46
58 57
58 12
58 65
58 35
58 17
58 6
58 68
58 15
14 18
14 15
14 46
14 34
14 52
14 8
18 69
18 8
18 28
18 21
18 26
18 15
18 54
18 33
18 53
18 7
18 36
18 46
18 27
69 1
69 45
69 33
69 40
69 43
69 28
69 65
69 53
69 42
69 44
69 16
69 68
69 11
1 54
1 46
1 33
1 29
1 53
1 15
1 12
1 21
1 39
1 52
1 70
1 22
1 7
1 40
54 11
54 22
54 66
54 21
54 70
54 29
54 28
54 10
54 8
54 65
54 9
54 12
54 63
11 27
11 35
11 44
11 17
11 57
11 22
11 29
11 36
11 68
11 52
11 65
11 7
11 43
11 28
27 33
27 46
27 8
27 53
27 60
27 70
27 12
27 28
27 63
27 52
33 51
33 45
33 68
33 6
33 43
33 70
33 28
51 8
51 21
51 40
51 22
51 42
51 28
51 66
51 16
51 53
51 61
51 15
51 36
8 22
8 66
8 52
8 57
8 21
8 9
8 44
8 46
8 29
8 17
22 34
22 45
22 21
22 70
22 28
22 53
22 12
22 42
22 44
34 26
34 61
34 36
34 35
34 9
34 68
34 28
34 57
34 45
34 42
34 12
34 29
26 45
26 63
26 16
26 7
26 52
26 42
26 53
26 44
26 29
45 63
45 10
45 36
45 57
45 53
45 44
45 65
45 68
45 60
45 17
45 66
45 70
45 9
63 6
63 21
63 61
63 52
63 7
63 39
63 53
63 57
63 29
63 35
63 66
6 12
6 60
6 7
6 57
6 10
6 53
6 46
6 44
12 52
12 9
12 24
12 16
12 61
12 65
12 15
12 7
12 44
12 57
12 60
52 7
52 9
52 57
52 42
52 39
7 39
7 57
7 53
7 21
39 10
39 21
39 42
39 60
39 44
39 70
39 15
39 36
39 17
39 62
39 9
39 66
10 68
10 62
10 61
10 66
10 60
10 16
10 70
10 46
10 24
10 35
10 21
10 40
68 16
68 44
68 60
16 9
16 53
16 60
16 17
16 35
16 29
16 28
16 24
16 15
16 42
9 70
9 57
9 66
9 28
9 42
9 46
9 21
9 40
70 28
70 57
70 65
70 44
70 24
28 44
28 24
28 42
28 43
28 60
44 65
44 57
44 24
65 24
65 40
65 57
65 53
65 21
65 17
24 42
24 57
24 46
24 21
24 40
42 62
42 60
42 29
42 46
42 61
62 43
62 21
62 40
62 60
43 57
43 66
43 21
43 61
57 15
15 40
15 17
15 60
40 60
40 17
40 35
40 53
60 53
60 29
60 66
53 29
53 46
53 21
29 17
29 35
29 36
29 46
17 36
36 66
36 35
66 21
66 46
21 46
21 35
21 61
46 61
61 35
