9 102
9 69
9 70
9 49
9 111
9 72
9 50
9 74
9 48
9 68
9 79
9 83
9 128
9 1
9 97
9 78
9 10
9 45
9 59
9 67
9 93
9 22
9 127
9 105
9 122
9 116
9 82
9 11
9 109
9 89
9 101
9 27
9 112
9 43
9 33
9 55
9 37
9 53
9 117
9 44
9 5
9 24
9 66
9 46
9 84
9 28
9 103
9 119
9 108
9 118
9 3
9 47
9 36
9 104
9 92
9 106
9 114
9 26
9 18
9 96
9 58
9 129
9 7
9 98
9 29
9 100
9 31
9 87
9 85
9 71
9 19
9 16
9 52
9 42
9 76
9 15
9 8
9 38
69 54
69 45
69 3
69 1
69 122
69 70
69 49
69 14
69 119
69 100
69 113
69 64
69 39
69 84
69 4
69 65
69 92
69 59
69 11
69 55
69 43
69 90
69 17
69 56
69 30
69 99
69 80
69 103
69 44
69 91
69 125
69 89
69 93
69 15
69 110
69 81
69 7
54 77
54 65
54 93
54 103
54 12
54 16
54 114
54 27
54 30
54 89
54 83
54 85
54 73
54 95
54 122
54 55
54 66
54 40
54 35
54 100
54 97
54 13
54 39
54 81
54 44
54 45
54 71
54 120
54 43
54 96
54 34
54 24
54 125
77 67
77 59
77 116
77 43
77 92
77 22
77 104
77 26
77 107
77 117
77 38
77 60
77 85
77 120
77 94
77 24
77 7
77 56
77 13
77 95
77 16
77 29
77 33
77 127
77 62
77 25
77 5
77 45
77 101
77 78
77 51
77 88
77 106
77 112
77 102
77 128
77 90
77 111
77 89
77 10
77 79
77 68
77 109
77 72
77 1
77 70
77 48
77 82
77 97
67 112
67 121
67 123
67 110
67 34
67 124
67 66
67 75
67 105
67 113
67 65
67 8
67 114
67 16
67 81
67 120
67 3
67 115
67 30
67 87
67 43
67 102
67 50
67 83
67 41
67 35
67 100
67 128
67 27
67 10
67 21
67 89
67 118
67 106
67 119
67 86
67 79
67 127
67 78
67 45
112 43
112 62
112 46
112 129
112 37
112 14
112 29
112 74
112 122
112 97
112 87
112 101
112 104
112 2
112 71
112 48
112 60
112 47
112 109
112 128
112 15
112 18
112 92
112 98
112 13
112 42
112 84
112 81
112 116
112 90
112 124
112 66
112 125
43 33
43 8
43 122
43 94
43 99
43 113
43 80
43 41
43 93
43 51
43 24
43 1
43 39
43 46
43 107
43 100
43 114
43 85
43 82
43 52
43 102
43 86
43 58
43 65
43 57
43 127
43 56
43 71
43 42
43 117
43 32
43 79
43 29
43 21
43 108
43 35
33 21
33 46
33 7
33 60
33 30
33 94
33 103
33 4
33 32
33 23
33 48
33 17
33 119
33 24
33 16
33 110
33 40
33 104
33 127
33 109
33 52
33 19
33 125
33 47
33 122
33 108
33 20
33 105
33 70
33 29
33 76
33 11
33 27
33 84
33 98
21 64
21 70
21 121
21 42
21 22
21 88
21 2
21 111
21 105
21 36
21 102
21 101
21 127
21 44
21 81
21 56
21 130
21 107
21 96
21 124
21 37
21 100
21 104
21 89
21 57
21 75
21 125
21 16
21 7
21 123
21 84
21 5
21 14
21 3
21 4
21 30
21 113
64 55
64 92
64 30
64 123
64 45
64 40
64 13
64 103
64 94
64 129
64 49
64 116
64 121
64 3
64 104
64 90
64 5
64 79
64 108
64 35
64 18
64 59
64 42
64 34
64 68
64 26
64 52
64 48
64 53
64 6
64 114
64 47
64 38
64 124
55 37
55 17
55 90
55 88
55 76
55 22
55 103
55 2
55 123
55 53
55 110
55 61
55 124
55 59
55 1
55 102
55 116
55 66
55 127
55 24
55 92
55 87
55 81
55 80
55 100
55 107
55 68
55 40
55 29
55 51
55 118
55 101
37 53
37 32
37 126
37 68
37 29
37 1
37 106
37 71
37 102
37 46
37 26
37 93
37 72
37 12
37 45
37 86
37 63
37 3
37 70
37 8
37 16
37 103
37 19
37 22
37 109
37 61
37 20
37 97
37 74
37 128
37 87
37 83
37 85
37 13
37 130
37 117
53 111
53 46
53 73
53 36
53 122
53 32
53 76
53 42
53 74
53 58
53 19
53 96
53 40
53 79
53 98
53 75
53 30
53 115
53 15
53 50
53 62
53 114
53 83
53 18
53 105
53 113
111 117
111 26
111 120
111 63
111 39
111 75
111 74
111 115
111 13
111 125
111 116
111 10
111 31
111 100
111 93
111 62
111 87
111 3
111 24
111 60
111 114
111 59
111 22
111 49
111 17
111 56
111 113
111 23
111 121
111 80
111 71
111 1
111 79
111 38
111 105
111 35
117 83
117 78
117 106
117 61
117 129
117 31
117 30
117 97
117 103
117 27
117 88
117 109
117 90
117 122
117 16
117 58
117 105
117 107
117 2
117 68
117 26
117 15
117 36
117 114
117 75
117 71
117 65
117 94
117 25
117 11
117 57
117 127
117 8
117 104
117 32
117 124
117 80
117 52
117 92
83 89
83 110
83 41
83 48
83 1
83 65
83 2
83 85
83 46
83 25
83 36
83 51
83 3
83 32
83 128
83 129
83 127
83 78
83 90
83 23
83 108
83 66
83 26
83 15
83 119
83 57
83 29
83 68
83 95
83 49
83 22
83 130
83 4
83 18
83 5
83 92
89 91
89 58
89 115
89 32
89 50
89 63
89 19
89 13
89 36
89 46
89 127
89 82
89 56
89 79
89 25
89 78
89 100
89 38
89 62
89 81
89 7
89 105
89 108
89 72
89 118
89 51
89 10
89 76
89 1
89 12
89 4
89 45
89 103
89 73
89 119
89 23
89 129
89 122
89 14
91 115
91 96
91 87
91 105
91 49
91 34
91 35
91 78
91 13
91 45
91 58
91 72
91 123
91 52
91 23
91 80
91 20
91 59
91 63
91 22
91 31
91 100
91 74
91 121
91 113
91 56
91 130
91 36
115 14
115 32
115 19
115 106
115 113
115 36
115 44
115 102
115 41
115 103
115 107
115 60
115 92
115 2
115 82
115 62
115 125
115 87
115 79
115 47
115 66
115 50
115 129
115 48
115 49
115 118
115 126
115 34
115 6
115 100
115 11
115 24
115 59
14 49
14 65
14 15
14 127
14 108
14 19
14 79
14 56
14 47
14 12
14 110
14 87
14 38
14 118
14 121
14 78
14 16
14 26
14 122
14 20
14 126
14 22
14 6
14 97
14 107
14 101
14 50
14 74
14 17
14 96
14 51
14 92
14 72
14 85
14 76
49 44
49 61
49 42
49 105
49 118
49 62
49 94
49 102
49 5
49 128
49 78
49 60
49 92
49 45
49 76
49 90
49 123
49 31
49 29
49 79
49 116
49 63
49 93
49 28
49 66
49 41
49 59
49 17
49 30
49 73
49 103
49 52
49 104
49 119
49 25
49 12
49 87
49 51
49 39
49 34
44 32
44 75
44 13
44 92
44 15
44 24
44 68
44 104
44 78
44 19
44 62
44 27
44 95
44 16
44 119
44 105
44 94
44 29
44 109
44 35
44 85
44 12
44 126
44 87
44 22
44 106
44 122
44 7
32 60
32 45
32 70
32 10
32 80
32 40
32 16
32 11
32 57
32 96
32 76
32 5
32 124
32 25
32 95
32 38
32 46
32 128
32 26
32 101
32 72
32 84
32 4
32 20
32 130
32 108
32 36
32 99
32 34
32 47
32 48
60 116
60 100
60 12
60 52
60 92
60 114
60 95
60 62
60 34
60 126
60 22
60 121
60 35
60 102
60 63
60 3
60 82
60 103
60 75
60 8
60 86
60 78
60 93
60 109
60 125
60 16
60 28
60 96
60 4
116 50
116 127
116 10
116 82
116 93
116 40
116 25
116 56
116 24
116 108
116 129
116 58
116 65
116 92
116 52
116 27
116 4
116 51
116 2
116 130
116 31
116 109
116 5
116 123
116 78
116 98
116 68
116 19
116 100
116 85
116 16
116 63
116 23
116 97
50 41
50 74
50 122
50 38
50 52
50 28
50 66
50 120
50 87
50 114
50 25
50 96
50 39
50 59
50 26
50 42
50 90
50 57
50 124
50 110
50 56
50 5
50 107
50 92
50 10
50 101
50 47
50 16
50 103
50 98
50 31
50 97
50 106
50 86
50 19
41 34
41 7
41 39
41 96
41 97
41 48
41 102
41 103
41 123
41 52
41 12
41 109
41 130
41 106
41 74
41 82
41 16
41 99
41 51
41 80
41 121
41 85
41 10
41 8
41 42
41 104
41 128
41 2
41 31
41 125
41 40
41 11
34 39
34 122
34 75
34 45
34 4
34 42
34 88
34 128
34 36
34 79
34 94
34 15
34 13
34 72
34 65
34 30
34 2
34 51
34 73
34 40
34 1
34 123
34 98
34 84
34 25
39 94
39 18
39 105
39 56
39 127
39 129
39 17
39 26
39 107
39 71
39 103
39 109
39 124
39 66
39 5
39 10
39 47
39 88
39 85
39 120
39 6
39 87
39 95
39 15
39 108
39 104
39 20
39 3
39 97
39 23
39 86
39 93
94 5
94 124
94 104
94 38
94 25
94 70
94 22
94 86
94 52
94 122
94 114
94 24
94 17
94 48
94 3
94 113
94 23
94 90
94 36
94 81
94 26
94 80
94 65
94 6
94 58
94 78
94 95
94 92
94 59
5 10
5 107
5 68
5 22
5 84
5 52
5 7
5 114
5 104
5 82
5 2
5 108
5 20
5 74
5 62
5 88
5 45
5 72
5 70
5 99
5 87
5 26
5 12
5 128
5 86
5 127
5 15
5 16
5 29
10 86
10 76
10 8
10 22
10 128
10 29
10 11
10 28
10 75
10 102
10 48
10 130
10 101
10 125
10 120
10 7
10 3
10 70
10 51
10 35
10 127
10 90
10 114
10 109
10 84
10 72
10 30
86 56
86 47
86 65
86 11
86 15
86 52
86 81
86 125
86 8
86 31
86 105
86 121
86 71
86 114
86 130
86 4
86 122
86 129
86 82
86 63
86 101
86 57
86 104
56 79
56 31
56 12
56 85
56 23
56 92
56 87
56 88
56 90
56 28
56 57
56 62
56 106
56 93
56 128
56 80
56 105
56 11
56 6
56 66
56 76
56 114
56 101
56 17
79 68
79 92
79 28
79 96
79 65
79 4
79 95
79 62
79 74
79 72
79 6
79 109
79 24
79 88
79 23
79 98
79 27
79 70
79 105
79 31
79 61
79 52
79 2
79 102
79 59
79 36
79 93
68 121
68 24
68 84
68 72
68 52
68 62
68 114
68 2
68 120
68 46
68 123
68 20
68 129
68 18
68 22
68 105
68 106
68 103
68 97
68 108
68 11
68 119
68 118
121 13
121 71
121 25
121 45
121 35
121 28
121 2
121 127
121 24
121 108
121 22
121 84
121 61
121 80
121 76
121 4
121 92
121 95
121 81
121 128
121 97
121 40
121 75
121 73
121 63
121 104
13 128
13 102
13 58
13 28
13 2
13 97
13 25
13 47
13 73
13 123
13 118
13 3
13 90
13 15
13 95
13 106
13 104
13 31
13 129
13 87
13 82
13 26
13 6
13 48
13 12
13 99
13 85
128 109
128 98
128 6
128 72
128 38
128 108
128 90
128 99
128 26
128 24
128 129
128 73
128 78
128 62
128 7
128 15
128 30
128 76
128 46
128 126
128 27
128 63
128 127
128 8
128 120
128 20
128 96
128 17
128 58
128 52
128 102
109 24
109 25
109 124
109 70
109 106
109 22
109 8
109 78
109 84
109 28
109 30
109 58
109 93
109 35
109 11
109 63
109 65
109 103
109 118
109 59
109 12
109 1
109 38
109 87
109 42
109 36
109 74
109 46
24 66
24 110
24 62
24 1
24 63
24 38
24 35
24 70
24 88
24 104
24 105
24 59
24 74
24 114
24 61
24 124
24 25
24 130
24 90
24 28
24 7
24 3
24 47
24 51
66 46
66 103
66 35
66 61
66 75
66 7
66 40
66 113
66 99
66 29
66 65
66 110
66 38
66 57
66 70
66 101
66 52
66 20
66 97
66 58
66 127
66 27
66 23
66 11
66 85
66 88
46 113
46 127
46 38
46 18
46 102
46 65
46 110
46 106
46 84
46 17
46 1
46 103
46 23
46 96
46 71
46 58
46 118
46 15
46 28
46 19
46 120
46 125
46 88
46 80
46 12
113 84
113 42
113 92
113 114
113 27
113 18
113 19
113 16
113 78
113 101
113 36
113 96
113 58
113 3
113 72
113 129
113 118
84 90
84 104
84 51
84 36
84 106
84 80
84 100
84 119
84 98
84 3
84 45
84 65
84 20
84 107
84 7
84 92
84 40
84 102
84 38
84 127
84 12
84 75
84 78
84 1
84 129
84 26
84 6
84 124
84 2
84 81
84 96
84 11
90 35
90 31
90 12
90 108
90 4
90 98
90 100
90 120
90 61
90 70
90 74
90 85
90 104
90 81
90 23
90 42
90 8
90 57
90 1
90 7
90 38
90 125
90 40
90 65
90 11
90 105
90 110
90 22
90 123
90 26
90 92
90 103
90 25
90 59
35 28
35 108
35 92
35 88
35 102
35 95
35 27
35 73
35 120
35 47
35 110
35 96
35 17
35 72
35 130
35 25
35 99
35 70
35 30
35 58
35 100
35 6
35 126
35 18
28 103
28 126
28 104
28 31
28 48
28 22
28 36
28 16
28 119
28 12
28 51
28 123
28 25
28 72
28 30
28 65
28 47
28 74
28 124
28 59
28 129
28 120
28 6
103 51
103 25
103 102
103 8
103 22
103 100
103 15
103 73
103 6
103 82
103 105
103 1
103 85
103 125
103 107
103 81
103 80
103 104
103 124
103 2
103 70
103 30
103 47
103 74
103 120
51 124
51 58
51 106
51 74
51 12
51 1
51 26
51 110
51 22
51 47
51 30
51 11
51 45
51 25
51 61
51 101
51 98
51 102
51 52
51 92
51 2
51 76
51 123
51 19
51 73
51 57
51 85
124 119
124 125
124 26
124 17
124 73
124 8
124 118
124 27
124 59
124 22
124 12
124 127
124 36
124 15
124 58
124 123
124 102
124 42
124 101
124 23
119 93
119 101
119 19
119 12
119 7
119 76
119 29
119 74
119 61
119 126
119 120
119 48
119 42
119 58
119 45
119 88
119 16
119 78
119 106
119 2
119 105
119 71
119 18
119 26
119 130
119 31
93 108
93 11
93 65
93 104
93 57
93 106
93 61
93 30
93 72
93 59
93 7
93 17
93 105
93 96
93 38
93 129
93 8
93 1
93 130
93 98
93 118
93 42
93 47
93 92
93 3
93 126
93 99
93 23
108 72
108 125
108 52
108 73
108 47
108 48
108 6
108 74
108 110
108 129
108 75
108 78
108 58
108 3
108 26
108 122
108 19
108 123
108 114
108 23
108 126
108 101
108 8
108 7
108 17
108 102
108 42
72 40
72 27
72 110
72 18
72 129
72 101
72 74
72 105
72 102
72 73
72 2
72 96
72 63
72 31
72 95
72 11
72 4
72 48
72 6
72 17
72 23
72 130
40 1
40 110
40 98
40 58
40 8
40 16
40 71
40 107
40 2
40 57
40 27
40 15
40 105
40 63
40 106
40 25
40 62
40 6
40 4
40 48
40 38
40 95
40 74
40 78
40 81
40 118
1 107
1 71
1 11
1 102
1 36
1 100
1 105
1 99
1 61
1 58
1 62
1 85
1 26
1 101
1 126
1 48
1 25
1 97
1 82
1 70
1 87
107 118
107 58
107 47
107 98
107 74
107 129
107 106
107 102
107 88
107 22
107 95
107 8
107 16
107 2
107 105
107 70
107 11
107 3
107 122
107 62
107 126
107 20
107 25
107 101
118 30
118 63
118 62
118 6
118 76
118 99
118 97
118 23
118 22
118 96
118 15
118 48
118 81
118 8
30 70
30 92
30 97
30 22
30 120
30 82
30 42
30 12
30 73
30 74
30 6
30 52
30 63
30 80
30 47
30 4
30 27
30 3
30 96
30 114
30 95
30 76
30 127
70 59
70 76
70 23
70 58
70 26
70 122
70 63
70 130
70 78
70 52
70 110
70 38
70 6
70 123
70 61
70 106
70 97
70 81
70 3
70 80
70 114
70 120
59 3
59 31
59 15
59 17
59 87
59 18
59 123
59 100
59 114
59 125
59 65
59 8
59 12
59 4
59 42
59 26
59 120
59 2
59 102
3 47
3 130
3 88
3 7
3 29
3 12
3 125
3 19
3 17
3 92
3 96
3 61
3 101
3 99
3 129
3 23
3 52
3 26
3 15
3 98
47 36
47 130
47 31
47 12
47 27
47 7
47 81
47 16
47 110
47 114
47 6
47 58
47 26
47 123
47 25
47 62
47 19
47 80
47 82
36 104
36 2
36 80
36 96
36 61
36 48
36 20
36 42
36 98
36 11
36 102
36 105
36 65
36 78
36 120
104 65
104 99
104 85
104 127
104 129
104 2
104 130
104 88
104 42
104 102
104 122
104 15
104 63
104 18
104 27
104 105
104 58
65 92
65 75
65 123
65 125
65 45
65 130
65 62
65 81
65 76
65 87
65 23
65 63
65 48
65 16
65 38
65 82
65 105
65 27
92 106
92 48
92 38
92 75
92 26
92 74
92 45
92 22
92 42
92 29
92 19
92 98
92 71
92 57
92 85
92 130
92 15
92 7
106 114
106 8
106 126
106 120
106 105
106 127
106 96
106 85
106 75
106 63
106 22
106 6
106 76
106 82
106 48
106 27
106 58
106 2
106 11
106 16
114 88
114 2
114 38
114 18
114 105
114 26
114 73
114 76
114 62
114 58
114 127
114 80
114 100
114 130
114 75
114 96
88 127
88 80
88 4
88 78
88 57
88 8
88 82
88 96
88 123
88 105
88 18
88 16
127 11
127 17
127 61
127 57
127 129
127 31
127 85
127 102
127 58
127 126
127 27
127 98
127 130
127 96
127 18
127 22
127 99
127 123
11 6
11 23
11 15
11 7
11 130
11 95
11 29
11 4
11 8
11 87
11 2
11 125
11 82
6 12
6 2
6 45
6 122
6 75
6 26
6 82
6 95
6 71
6 23
6 123
6 100
6 20
6 126
6 96
6 19
6 17
6 85
6 110
6 25
6 99
6 22
12 26
12 97
12 19
12 15
12 45
12 105
12 74
12 18
12 129
12 16
12 96
12 27
12 120
12 80
12 75
12 23
12 29
12 95
12 73
12 110
26 18
26 87
26 100
26 22
26 85
26 80
26 62
26 130
26 2
26 63
26 96
26 99
26 42
26 76
18 96
18 100
18 57
18 81
18 62
18 22
18 71
18 52
18 74
18 75
18 23
18 110
18 25
18 42
18 4
96 58
96 38
96 74
96 52
96 57
96 62
96 48
96 31
96 22
96 25
96 129
96 75
96 61
96 130
96 81
96 122
58 129
58 126
58 123
58 110
58 57
58 23
58 122
58 71
58 85
58 120
58 102
58 63
58 48
58 87
58 45
129 63
129 105
129 123
129 87
129 126
129 15
129 125
129 71
129 80
129 81
129 31
129 52
129 45
129 95
63 48
63 97
63 29
63 95
63 38
63 87
63 123
63 120
63 80
63 2
63 73
63 125
63 102
48 7
48 71
48 45
48 76
48 130
48 62
48 2
48 95
48 27
48 81
48 100
48 22
48 8
48 42
48 20
48 29
48 31
48 101
48 73
48 74
48 25
48 85
7 74
7 98
7 2
7 126
7 27
7 29
7 19
7 45
7 97
7 123
7 75
7 38
7 110
7 76
7 16
74 98
74 29
74 97
74 45
74 20
74 99
74 8
74 110
74 82
74 42
74 22
74 38
74 76
74 2
74 85
98 120
98 75
98 38
98 73
98 81
98 61
98 95
98 122
98 99
98 8
98 76
98 110
98 25
98 27
98 71
98 23
98 80
120 126
120 100
120 20
120 27
120 99
120 76
120 22
120 87
120 122
120 23
120 110
120 123
120 25
120 73
120 101
120 81
126 99
126 8
126 80
126 122
126 27
126 125
126 102
126 31
126 85
126 23
126 105
126 38
126 20
126 101
99 29
99 62
99 105
99 101
99 27
99 19
99 61
99 2
99 97
99 57
99 16
99 31
99 8
99 87
99 122
99 130
99 23
29 100
29 61
29 57
29 4
29 95
29 122
29 25
29 82
29 81
29 42
29 38
29 123
29 17
100 31
100 8
100 87
100 38
100 20
100 27
100 123
100 97
100 73
100 75
100 101
100 81
31 87
31 20
31 71
31 27
31 22
31 57
31 122
31 16
31 76
31 78
31 45
31 2
31 85
31 15
31 73
31 97
31 25
87 85
87 123
87 122
87 102
87 8
87 27
87 45
87 78
87 19
87 130
87 62
87 75
87 57
85 122
85 25
85 80
85 19
85 38
85 78
85 123
85 110
85 71
85 130
85 76
85 23
122 95
122 16
122 78
122 110
122 17
122 4
95 123
95 102
95 110
95 130
95 16
95 75
95 23
95 19
95 42
95 15
95 81
95 8
95 78
123 62
123 20
123 75
123 27
123 76
123 105
123 8
123 101
123 16
123 73
123 42
62 105
62 20
62 57
62 4
62 17
62 25
62 22
62 75
62 19
105 78
105 80
105 61
105 45
105 52
105 23
105 19
105 2
105 102
78 17
78 80
78 45
78 76
78 15
78 82
78 61
78 20
78 75
17 20
17 8
17 110
17 80
17 82
17 76
17 101
17 25
17 15
17 27
20 130
20 75
20 8
20 110
20 82
20 61
130 27
130 22
130 23
130 42
130 110
130 57
130 8
130 71
130 16
130 52
130 73
130 15
130 76
27 81
27 102
27 75
27 82
27 23
27 101
27 76
27 2
27 8
27 38
81 80
81 76
81 25
81 110
81 57
81 38
81 73
81 8
81 97
81 102
80 45
80 15
80 23
80 8
80 61
80 82
80 19
80 4
80 22
45 23
45 101
45 15
45 75
45 71
45 76
45 22
45 2
45 38
23 25
23 4
23 42
23 8
23 76
23 71
23 16
23 75
23 2
25 61
25 16
25 82
25 110
25 101
25 19
61 71
61 110
61 22
61 57
61 15
61 75
61 52
61 76
71 19
71 97
71 102
71 42
71 52
71 8
71 125
19 75
19 101
19 4
19 38
19 82
19 42
19 8
19 73
75 110
75 2
75 52
110 16
110 22
110 4
110 38
110 15
110 97
16 73
16 8
16 76
16 2
73 125
73 42
73 38
73 97
125 52
125 4
125 8
52 42
52 8
52 2
52 22
42 82
42 97
42 57
42 8
42 102
42 38
42 15
82 4
82 97
4 76
4 102
4 15
76 15
76 38
76 2
15 57
15 22
15 101
15 102
57 2
57 101
57 38
2 8
2 97
8 97
8 22
97 38
97 22
38 101
101 22
22 102
