13 10
13 32
13 4
13 31
13 21
13 25
13 41
13 5
13 43
13 35
13 45
13 20
13 17
13 34
13 38
13 11
13 29
13 6
13 27
13 48
13 1
13 18
13 15
13 16
13 33
13 3
13 7
13 23
13 46
13 2
13 12
13 47
13 28
13 26
32 39
32 18
32 48
32 14
32 19
32 46
32 1
32 5
32 25
32 38
32 29
32 4
32 17
32 31
32 10
39 41
39 36
39 44
39 42
39 20
39 35
39 24
39 25
39 37
39 48
39 2
39 40
39 34
39 50
39 3
39 8
39 11
41 45
41 50
41 8
41 20
41 42
41 24
41 16
41 22
41 23
41 6
41 5
41 40
41 26
41 10
41 25
41 1
41 33
41 19
45 5
45 43
45 6
45 24
45 20
45 7
45 10
45 26
45 28
45 11
45 23
45 22
5 6
5 15
5 47
5 43
5 18
5 36
5 44
5 20
5 38
5 35
5 9
5 42
5 29
5 19
5 50
5 48
5 31
5 40
5 27
5 22
6 14
6 20
6 33
6 22
6 27
6 31
6 25
6 9
6 28
6 49
6 2
6 47
14 27
14 11
14 8
14 34
14 35
14 16
14 40
14 17
14 25
14 48
14 50
14 9
27 48
27 40
27 3
27 37
27 12
27 50
27 4
27 18
48 25
48 28
48 36
48 23
48 49
48 16
48 17
48 42
48 30
48 11
25 37
25 17
25 24
25 36
25 11
25 12
25 2
25 28
25 33
37 21
37 9
37 35
37 2
37 29
37 47
37 40
21 44
21 8
21 15
21 17
21 26
21 9
21 50
21 47
21 3
21 35
44 1
44 30
44 16
44 7
44 8
44 9
44 31
44 36
44 10
1 38
1 42
1 49
1 18
1 30
1 17
1 10
1 47
1 9
1 29
1 50
1 28
38 29
38 16
38 35
38 2
38 10
38 46
38 22
38 49
29 18
29 4
29 33
29 22
29 36
29 47
29 17
29 49
18 15
18 7
18 50
18 47
18 43
18 40
18 30
18 33
18 24
18 49
15 16
15 19
15 4
15 23
15 36
15 28
15 9
15 40
15 26
15 46
16 42
16 3
16 9
16 4
16 46
16 49
16 7
42 50
42 28
42 8
42 9
42 2
42 49
42 19
42 11
42 43
42 23
42 34
42 40
42 22
42 17
50 33
50 9
50 30
50 24
50 28
50 43
50 46
33 3
33 26
33 28
33 22
33 20
33 34
33 2
3 11
3 23
3 40
3 17
3 46
3 43
3 35
3 36
11 36
11 49
11 17
11 22
11 2
11 31
11 19
11 20
11 24
11 8
36 40
36 24
36 26
36 46
36 20
36 35
36 43
40 19
40 24
40 26
40 30
40 4
40 12
40 49
19 7
19 46
19 9
19 23
19 10
7 4
7 30
7 2
7 43
7 47
7 20
4 8
4 49
4 46
4 34
4 2
4 12
8 43
8 17
8 23
8 28
8 2
8 47
8 26
8 35
8 24
8 22
43 34
43 10
43 49
43 17
43 35
43 23
34 23
34 22
34 26
23 24
23 12
23 22
23 47
23 9
24 46
24 47
24 31
24 49
24 30
46 9
46 47
46 17
46 12
46 22
46 20
46 28
9 30
9 12
9 2
9 17
9 35
9 31
30 2
30 49
30 28
2 22
2 12
22 12
22 49
22 26
22 31
12 47
12 17
12 10
12 26
47 28
47 31
28 17
28 10
17 31
31 20
20 35
20 49
35 49
49 26
26 10
