126 23
126 129
126 63
126 38
126 7
126 101
126 135
126 122
126 56
126 30
126 72
126 82
126 132
126 124
126 16
126 78
126 106
126 81
126 139
126 59
126 29
126 127
126 46
126 73
126 136
126 121
126 50
126 86
126 69
126 133
126 123
126 95
126 64
126 49
126 60
126 51
126 120
126 87
126 36
126 62
126 1
126 61
129 57
129 105
129 58
129 22
129 118
129 49
129 56
129 81
129 13
129 17
129 122
129 8
129 42
129 104
129 12
129 77
129 83
129 54
129 109
129 103
129 55
129 76
129 72
129 134
129 53
129 98
129 11
129 108
129 85
129 67
129 20
129 44
129 9
129 125
129 52
129 29
129 43
129 38
129 137
129 82
129 115
129 5
129 116
129 79
129 110
129 93
129 80
129 140
129 28
129 59
129 78
129 46
129 62
129 30
129 86
129 89
129 136
129 112
129 50
129 68
129 123
129 139
129 102
129 3
129 1
129 37
129 127
129 94
129 45
129 95
129 63
129 119
129 35
129 74
129 47
129 121
129 96
129 117
129 111
129 75
129 97
129 87
129 48
129 114
129 33
57 115
57 59
57 102
57 137
57 36
57 78
57 122
57 30
57 99
57 88
57 43
57 136
57 111
57 119
57 125
57 79
57 135
57 24
57 134
57 130
57 105
57 32
57 112
57 93
57 13
57 82
57 114
57 56
57 12
57 76
57 100
57 65
57 14
57 106
57 22
57 96
57 94
57 120
57 127
57 69
57 87
57 4
57 17
57 11
57 81
57 58
57 83
57 49
57 44
57 85
57 98
115 64
115 131
115 77
115 100
115 37
115 59
115 121
115 25
115 12
115 124
115 5
115 46
115 74
115 134
115 68
115 120
115 35
115 71
115 90
115 21
115 102
115 95
115 98
115 19
115 84
115 47
115 104
115 70
115 91
115 105
115 69
115 83
115 133
115 112
115 7
115 53
115 101
115 87
115 17
115 54
64 4
64 29
64 111
64 16
64 3
64 65
64 59
64 140
64 124
64 56
64 14
64 132
64 79
64 42
64 30
64 17
64 100
64 123
64 38
64 36
64 125
64 104
64 49
64 106
64 51
64 112
64 83
64 130
64 43
64 108
64 2
64 139
64 93
64 88
64 75
64 10
64 74
64 40
4 52
4 140
4 119
4 78
4 14
4 59
4 35
4 67
4 68
4 75
4 36
4 116
4 21
4 40
4 62
4 13
4 18
4 81
4 114
4 97
4 112
4 134
4 63
4 23
4 65
4 53
4 34
4 135
4 69
4 105
4 92
4 22
52 118
52 116
52 89
52 124
52 9
52 30
52 74
52 46
52 56
52 18
52 49
52 51
52 113
52 13
52 109
52 66
52 87
52 94
52 114
52 134
52 11
52 92
52 29
52 38
52 60
52 5
52 59
52 98
52 6
52 131
52 71
52 68
52 42
52 54
118 24
118 50
118 135
118 67
118 131
118 106
118 26
118 10
118 137
118 121
118 91
118 16
118 51
118 18
118 138
118 55
118 40
118 94
118 102
118 124
118 128
118 134
118 9
118 15
118 39
118 123
118 70
118 37
118 44
118 56
24 6
24 110
24 89
24 55
24 7
24 111
24 128
24 29
24 16
24 127
24 43
24 82
24 88
24 53
24 77
24 131
24 62
24 101
24 76
24 27
24 122
24 71
24 86
24 14
24 65
24 19
24 120
24 73
24 42
24 34
24 12
24 104
24 136
24 113
24 96
24 75
6 90
6 56
6 117
6 125
6 26
6 22
6 107
6 44
6 133
6 99
6 71
6 103
6 58
6 104
6 50
6 134
6 86
6 61
6 130
6 66
6 47
6 69
6 32
6 49
6 53
6 9
6 122
6 46
6 41
6 33
6 59
6 93
6 138
6 2
90 16
90 13
90 103
90 100
90 62
90 113
90 36
90 15
90 25
90 18
90 66
90 112
90 135
90 46
90 59
90 80
90 119
90 41
90 60
90 35
90 96
90 69
90 50
90 79
90 7
90 63
90 124
90 137
90 12
90 8
90 102
90 45
16 15
16 95
16 12
16 130
16 94
16 2
16 105
16 46
16 14
16 100
16 45
16 27
16 114
16 108
16 103
16 73
16 116
16 10
16 20
16 65
16 137
16 76
16 88
16 43
16 29
16 50
16 79
16 28
16 87
16 111
16 42
16 85
16 119
16 97
16 81
16 86
16 7
16 93
16 136
16 37
16 127
16 31
16 80
16 125
16 102
15 31
15 8
15 127
15 58
15 130
15 54
15 73
15 26
15 2
15 9
15 40
15 59
15 23
15 62
15 48
15 82
15 131
15 119
15 121
15 84
15 99
15 139
15 37
15 66
15 20
15 18
15 43
15 137
15 77
15 136
15 45
15 3
15 124
15 35
15 5
15 12
15 70
15 75
15 140
15 81
15 44
15 116
15 105
31 5
31 36
31 112
31 70
31 63
31 104
31 11
31 69
31 27
31 131
31 28
31 56
31 26
31 20
31 10
31 83
31 92
31 122
31 74
31 55
31 110
31 50
31 49
31 9
31 13
31 99
31 84
31 39
31 124
31 44
31 140
31 135
31 47
31 30
31 81
31 130
31 111
31 120
31 53
31 18
5 29
5 138
5 98
5 83
5 17
5 120
5 139
5 40
5 116
5 60
5 82
5 45
5 113
5 22
5 30
5 105
5 62
5 95
5 32
5 140
5 25
5 99
5 132
5 28
5 111
5 38
5 103
5 11
5 46
5 48
5 81
5 49
5 97
5 93
5 91
5 84
5 104
29 116
29 125
29 39
29 3
29 107
29 38
29 58
29 92
29 14
29 76
29 50
29 84
29 96
29 94
29 77
29 123
29 53
29 62
29 120
29 21
29 46
29 87
29 98
29 91
29 27
29 60
29 12
29 42
29 114
116 79
116 33
116 21
116 56
116 67
116 117
116 100
116 83
116 66
116 107
116 74
116 2
116 68
116 20
116 102
116 89
116 49
116 71
116 110
116 98
116 133
116 54
116 7
116 96
116 61
116 43
116 41
116 23
116 73
116 11
116 137
116 28
116 106
116 120
116 85
116 123
116 131
116 97
116 55
116 128
116 82
116 81
116 104
79 72
79 127
79 38
79 67
79 98
79 74
79 137
79 138
79 23
79 2
79 91
79 20
79 136
79 7
79 12
79 33
79 48
79 53
79 122
79 10
79 44
79 55
79 107
79 51
79 133
79 47
79 11
79 132
79 84
79 1
79 95
79 85
79 82
79 88
72 17
72 3
72 36
72 67
72 46
72 124
72 96
72 134
72 9
72 99
72 20
72 100
72 76
72 55
72 23
72 132
72 35
72 14
72 44
72 122
72 107
72 69
72 95
72 38
72 34
72 75
72 85
72 71
72 12
72 43
72 119
72 32
72 8
72 104
72 108
72 58
72 84
72 33
72 120
17 110
17 66
17 11
17 112
17 121
17 70
17 137
17 28
17 54
17 76
17 41
17 101
17 130
17 134
17 36
17 127
17 68
17 86
17 74
17 140
17 44
17 104
17 40
17 93
17 59
17 81
17 50
17 120
17 20
17 19
17 107
17 2
17 23
17 65
17 3
17 47
17 56
17 37
110 11
110 53
110 96
110 103
110 91
110 113
110 140
110 9
110 123
110 30
110 101
110 119
110 27
110 121
110 93
110 127
110 135
110 73
110 41
110 87
110 122
110 8
110 81
110 106
110 28
110 77
110 59
110 7
110 112
110 55
110 95
110 111
110 86
11 77
11 54
11 111
11 67
11 125
11 13
11 108
11 135
11 44
11 69
11 84
11 114
11 66
11 122
11 106
11 1
11 61
11 27
11 18
11 133
11 22
11 56
11 53
11 105
11 120
11 12
11 28
77 137
77 98
77 92
77 76
77 67
77 68
77 89
77 91
77 38
77 106
77 33
77 1
77 59
77 26
77 51
77 30
77 39
77 41
77 49
77 133
77 120
77 85
77 86
77 35
77 83
77 84
77 32
77 109
77 140
77 131
77 99
77 25
77 40
77 34
77 73
77 69
77 125
77 88
77 112
137 2
137 62
137 13
137 119
137 82
137 25
137 71
137 133
137 106
137 22
137 76
137 21
137 50
137 68
137 96
137 121
137 53
137 33
137 59
137 61
137 125
137 117
137 73
137 63
137 26
137 51
137 81
137 86
137 7
137 45
137 105
137 134
2 101
2 74
2 46
2 130
2 139
2 66
2 88
2 39
2 28
2 83
2 68
2 91
2 14
2 10
2 13
2 45
2 23
2 95
2 113
2 21
2 89
2 84
2 107
2 36
2 109
2 131
2 112
2 103
2 81
2 135
2 62
2 26
2 122
2 22
2 20
2 133
2 69
2 50
101 67
101 107
101 87
101 63
101 32
101 94
101 127
101 38
101 99
101 54
101 121
101 117
101 74
101 111
101 7
101 61
101 48
101 89
101 69
101 123
101 105
101 14
101 59
101 138
101 85
101 40
101 21
101 28
101 92
101 13
101 44
101 22
67 93
67 92
67 127
67 128
67 87
67 104
67 82
67 39
67 81
67 98
67 65
67 33
67 108
67 89
67 131
67 112
67 111
67 73
67 96
67 59
67 35
67 7
67 23
67 40
67 36
67 120
67 103
67 114
67 132
67 71
67 54
67 41
67 56
93 71
93 92
93 66
93 123
93 62
93 97
93 135
93 127
93 25
93 132
93 48
93 7
93 28
93 10
93 119
93 14
93 96
93 74
93 106
93 56
93 9
93 124
93 50
93 44
93 20
71 27
71 76
71 82
71 114
71 133
71 63
71 13
71 36
71 117
71 8
71 68
71 25
71 94
71 48
71 140
71 40
71 23
71 88
71 58
71 85
71 22
71 9
71 86
71 80
71 54
71 91
71 102
71 138
71 100
71 78
71 50
27 84
27 19
27 7
27 35
27 25
27 53
27 80
27 38
27 78
27 65
27 138
27 123
27 104
27 133
27 76
27 46
27 58
27 109
27 28
27 112
27 23
27 56
27 85
27 69
27 73
27 66
27 92
27 91
27 40
27 120
27 135
27 9
27 121
27 103
27 50
84 36
84 119
84 131
84 108
84 34
84 121
84 134
84 40
84 58
84 109
84 114
84 94
84 55
84 12
84 85
84 82
84 74
84 13
84 8
84 100
84 39
84 25
84 97
84 44
84 139
36 76
36 96
36 140
36 32
36 7
36 61
36 75
36 74
36 3
36 88
36 92
36 26
36 135
36 80
36 136
36 73
36 42
36 128
36 121
36 60
36 82
36 69
36 119
36 120
36 65
36 130
36 104
36 107
36 23
36 98
36 46
36 117
76 42
76 86
76 140
76 26
76 111
76 28
76 81
76 125
76 65
76 89
76 22
76 32
76 95
76 100
76 49
76 122
76 123
76 106
76 99
76 114
76 45
76 23
76 102
76 69
42 108
42 65
42 132
42 105
42 37
42 9
42 135
42 95
42 61
42 23
42 32
42 92
42 60
42 112
42 12
42 96
42 45
42 54
42 73
42 125
42 136
42 122
42 70
42 87
42 120
42 20
42 127
42 22
42 134
42 14
108 38
108 53
108 102
108 106
108 107
108 12
108 55
108 134
108 82
108 37
108 45
108 59
108 140
108 41
108 122
108 128
108 130
108 34
108 87
108 19
108 43
108 89
108 127
108 40
108 51
108 3
108 99
108 13
38 9
38 43
38 78
38 66
38 123
38 106
38 48
38 82
38 99
38 100
38 22
38 85
38 136
38 130
38 69
38 12
38 135
38 18
38 98
38 139
38 119
38 83
38 7
38 132
9 8
9 117
9 55
9 105
9 44
9 85
9 22
9 100
9 66
9 124
9 30
9 19
9 139
9 25
9 127
9 107
9 47
9 56
9 111
9 28
9 87
9 128
9 95
9 23
9 125
9 43
9 68
9 37
9 92
9 63
9 123
9 59
9 89
9 86
9 46
9 80
9 97
9 13
9 7
8 7
8 123
8 111
8 106
8 59
8 45
8 35
8 81
8 138
8 86
8 3
8 119
8 105
8 139
8 40
8 39
8 94
8 140
8 13
8 99
8 37
8 26
8 63
8 44
8 56
8 19
8 120
8 68
8 125
8 82
7 103
7 74
7 25
7 34
7 139
7 127
7 49
7 39
7 136
7 134
7 112
7 22
7 68
7 12
7 66
7 105
7 73
7 96
7 120
7 95
7 106
7 62
7 30
7 128
7 121
7 119
7 3
7 82
7 91
7 109
7 124
7 14
7 133
7 19
7 97
103 40
103 121
103 80
103 26
103 49
103 125
103 88
103 45
103 75
103 30
103 70
103 74
103 65
103 109
103 62
103 41
103 97
103 47
103 53
103 19
103 117
103 83
103 22
103 134
103 92
103 111
40 80
40 96
40 136
40 133
40 41
40 70
40 109
40 58
40 132
40 75
40 123
40 97
40 85
40 69
40 81
40 23
40 86
40 78
40 55
40 82
40 120
40 56
40 28
40 10
40 87
80 140
80 59
80 56
80 12
80 111
80 30
80 132
80 134
80 81
80 98
80 119
80 95
80 26
80 133
80 104
80 94
80 43
80 78
80 92
80 49
80 113
80 89
80 13
80 21
80 25
140 28
140 127
140 132
140 113
140 123
140 95
140 33
140 125
140 94
140 106
140 61
140 1
140 59
140 37
140 45
140 34
140 18
140 133
140 104
140 75
140 139
140 19
140 135
140 44
140 47
140 138
140 92
140 41
140 51
28 91
28 117
28 75
28 68
28 95
28 82
28 59
28 51
28 53
28 58
28 131
28 25
28 98
28 122
28 41
28 106
28 69
28 112
28 135
28 89
28 123
28 138
28 48
28 83
28 73
28 120
28 133
28 3
28 111
28 104
28 1
28 56
91 22
91 98
91 106
91 63
91 123
91 125
91 136
91 87
91 114
91 97
91 56
91 74
91 100
91 61
91 20
91 83
91 73
91 54
91 109
91 121
91 128
91 69
91 99
91 33
91 49
91 45
22 81
22 66
22 45
22 104
22 99
22 3
22 61
22 82
22 97
22 86
22 60
22 111
22 92
22 114
22 132
22 10
22 18
22 89
22 44
22 120
22 53
81 59
81 14
81 60
81 133
81 87
81 78
81 73
81 135
81 123
81 23
81 130
81 62
81 139
81 95
81 138
81 25
81 111
81 131
81 39
81 99
81 97
81 68
81 89
81 53
81 34
81 26
81 32
81 98
81 48
81 114
81 104
81 10
81 74
81 85
81 107
81 12
81 51
59 128
59 120
59 122
59 131
59 12
59 99
59 58
59 60
59 3
59 55
59 139
59 111
59 119
59 21
59 19
59 20
59 51
59 69
59 83
59 74
59 50
59 13
59 98
59 132
59 45
128 78
128 45
128 120
128 132
128 26
128 19
128 60
128 127
128 88
128 75
128 61
128 20
128 138
128 139
128 85
128 58
128 123
128 134
128 63
128 54
128 112
128 109
128 87
128 44
128 51
128 97
128 47
128 34
128 100
128 104
128 25
128 82
78 46
78 139
78 61
78 49
78 97
78 20
78 60
78 21
78 117
78 99
78 1
78 10
78 100
78 114
78 55
78 3
78 105
78 127
78 111
78 75
78 65
78 54
78 35
78 132
78 89
78 136
78 69
46 135
46 37
46 130
46 123
46 132
46 102
46 125
46 45
46 120
46 105
46 56
46 106
46 119
46 50
46 21
46 98
46 127
46 122
46 55
46 20
46 95
46 92
46 109
46 13
46 62
46 83
46 138
46 100
46 70
46 139
46 117
135 53
135 114
135 35
135 66
135 73
135 54
135 131
135 89
135 12
135 88
135 82
135 97
135 105
135 49
135 133
135 138
135 109
135 107
135 87
135 41
135 127
135 55
135 45
135 25
135 134
135 26
135 92
135 124
135 51
135 139
135 98
135 130
135 20
135 83
135 122
135 106
53 62
53 3
53 45
53 139
53 127
53 134
53 75
53 66
53 63
53 82
53 25
53 138
53 131
53 122
53 74
53 58
53 69
53 111
53 100
53 19
53 48
53 114
53 95
53 56
53 130
53 50
53 121
53 123
62 41
62 127
62 124
62 21
62 96
62 10
62 48
62 20
62 33
62 47
62 35
62 99
62 87
62 18
62 89
62 3
62 75
62 134
62 95
62 130
62 133
62 85
62 50
62 51
62 65
62 100
62 49
62 13
41 26
41 139
41 107
41 3
41 95
41 102
41 1
41 58
41 61
41 54
41 104
41 70
41 47
41 83
41 50
41 18
41 113
41 89
41 34
41 20
26 99
26 86
26 10
26 69
26 1
26 127
26 30
26 68
26 122
26 49
26 54
26 94
26 96
26 82
26 92
26 32
26 113
26 134
26 130
26 70
26 114
26 85
26 55
26 131
26 97
26 60
26 25
26 95
99 30
99 132
99 130
99 66
99 121
99 50
99 96
99 95
99 43
99 82
99 1
99 54
99 134
99 127
99 87
99 124
99 98
99 88
99 13
99 104
99 92
30 106
30 19
30 131
30 85
30 87
30 39
30 105
30 55
30 10
30 102
30 44
30 61
30 88
30 114
30 20
30 75
30 132
30 12
30 104
30 98
30 23
30 74
30 69
30 94
30 18
30 65
30 92
30 100
30 138
106 58
106 133
106 19
106 33
106 61
106 3
106 48
106 18
106 123
106 20
106 104
106 74
106 86
106 109
106 75
106 89
106 56
106 131
106 132
106 63
106 50
106 69
106 114
106 14
106 49
106 25
106 117
106 122
106 12
106 97
106 73
58 86
58 111
58 113
58 33
58 127
58 23
58 95
58 104
58 47
58 122
58 34
58 125
58 1
58 100
58 134
58 63
58 45
58 85
58 69
58 73
58 21
58 54
58 50
58 66
58 114
58 120
58 18
58 109
86 69
86 61
86 70
86 55
86 83
86 130
86 119
86 21
86 122
86 32
86 127
86 65
86 112
86 134
86 88
86 54
86 49
86 74
86 66
86 133
86 125
86 34
86 19
86 45
86 117
86 114
69 83
69 1
69 63
69 33
69 70
69 89
69 18
69 87
69 12
69 54
69 94
69 43
69 124
69 92
69 121
69 47
69 117
69 107
69 23
69 73
69 45
69 60
69 104
69 85
69 48
69 49
69 114
83 120
83 127
83 112
83 66
83 54
83 33
83 49
83 139
83 34
83 60
83 104
83 37
83 82
83 70
83 3
83 45
83 25
83 100
83 121
120 89
120 82
120 20
120 19
120 98
120 25
120 119
120 61
120 121
120 12
120 1
120 51
120 100
120 122
120 96
120 112
120 35
120 65
120 68
120 127
89 136
89 43
89 82
89 117
89 75
89 1
89 87
89 39
89 35
89 138
89 19
89 113
89 51
89 47
89 131
89 96
89 122
89 105
89 111
89 23
136 49
136 100
136 65
136 63
136 10
136 94
136 98
136 50
136 44
136 35
136 14
136 130
136 43
136 127
136 121
136 87
136 55
136 74
136 12
136 61
136 85
136 70
136 3
136 132
136 109
49 100
49 94
49 65
49 73
49 132
49 107
49 74
49 44
49 125
49 112
49 122
49 34
49 55
49 23
49 25
49 131
49 51
49 109
49 66
49 138
100 44
100 138
100 104
100 114
100 51
100 14
100 32
100 82
100 97
100 37
100 19
100 20
100 54
100 107
100 43
100 87
100 48
100 109
100 39
100 127
44 19
44 50
44 123
44 94
44 130
44 43
44 75
44 1
44 113
44 56
44 74
44 45
44 97
44 10
44 73
44 66
44 82
44 124
44 117
44 133
19 124
19 61
19 134
19 122
19 37
19 107
19 23
19 123
19 12
19 21
19 55
19 113
19 105
19 10
19 95
19 13
19 66
19 139
124 130
124 14
124 66
124 23
124 98
124 119
124 13
124 96
124 60
124 1
124 138
124 134
124 45
124 18
124 47
124 10
124 85
124 109
124 3
124 20
124 32
124 43
124 87
124 74
130 55
130 139
130 133
130 98
130 96
130 51
130 127
130 35
130 50
130 65
130 47
130 122
130 68
130 60
130 23
130 105
130 43
130 92
130 39
130 34
130 114
130 82
55 12
55 14
55 51
55 18
55 139
55 61
55 65
55 88
55 21
55 97
55 96
55 70
55 131
55 23
55 125
12 112
12 37
12 138
12 111
12 25
12 61
12 134
12 102
12 56
12 119
12 21
12 13
12 88
12 92
12 96
12 123
12 66
12 113
12 1
12 105
12 122
12 23
12 39
112 54
112 51
112 134
112 37
112 132
112 123
112 82
112 97
112 66
112 75
112 1
112 125
112 139
112 48
112 127
112 113
112 63
112 60
112 14
112 95
54 50
54 43
54 121
54 45
54 10
54 119
54 92
54 37
54 39
54 20
54 35
54 56
54 95
54 122
54 113
54 74
54 66
54 102
54 88
54 63
54 75
54 23
50 132
50 119
50 134
50 3
50 25
50 20
50 66
50 34
50 21
50 127
50 122
50 43
50 96
50 63
50 32
50 139
50 117
50 94
132 68
132 102
132 95
132 139
132 114
132 45
132 70
132 82
132 32
132 23
132 113
132 18
132 48
132 66
132 63
132 125
132 122
132 1
132 47
132 37
132 127
132 14
132 13
132 74
68 123
68 139
68 121
68 111
68 96
68 82
68 23
68 51
68 18
68 60
68 25
68 61
68 88
68 74
68 21
68 117
68 92
123 21
123 97
123 34
123 134
123 119
123 96
123 13
123 14
123 32
123 88
123 131
123 73
123 125
123 133
123 82
123 87
21 139
21 92
21 70
21 47
21 56
21 87
21 63
21 85
21 48
21 20
21 61
21 37
21 138
21 60
21 114
21 121
21 13
21 105
21 10
21 23
21 134
21 96
139 102
139 75
139 107
139 35
139 127
139 1
139 14
139 33
139 133
139 63
139 119
139 10
139 82
139 39
139 70
139 60
139 92
139 23
139 117
139 3
139 32
102 10
102 75
102 109
102 66
102 121
102 14
102 87
102 131
102 88
102 48
102 43
102 23
102 114
102 18
102 32
102 92
102 35
102 65
102 125
102 13
102 113
102 111
102 37
10 3
10 75
10 14
10 56
10 109
10 107
10 74
10 35
10 18
10 122
10 138
10 94
10 48
10 45
10 127
10 37
3 1
3 114
3 23
3 74
3 20
3 87
3 125
3 51
3 138
3 75
3 47
3 48
3 105
3 121
1 37
1 121
1 97
1 45
1 18
1 113
1 43
1 131
1 109
1 104
1 92
1 56
1 111
1 47
37 14
37 94
37 74
37 65
37 98
37 13
37 32
37 45
37 138
37 131
37 75
37 25
37 61
37 111
37 60
37 73
37 133
14 73
14 39
14 33
14 133
14 65
14 63
14 82
14 18
14 87
14 104
14 43
14 45
14 47
73 127
73 43
73 35
73 87
73 74
73 119
73 32
73 92
73 34
73 131
73 96
73 107
73 47
73 61
73 104
127 94
127 65
127 74
127 138
127 96
127 88
127 60
127 95
127 43
127 119
127 104
127 113
127 82
127 39
127 34
127 92
127 109
127 20
94 20
94 119
94 74
94 121
94 96
94 85
94 88
94 60
94 45
94 48
94 70
94 109
94 133
94 98
20 92
20 75
20 39
20 119
20 43
20 56
20 133
20 96
20 13
20 117
20 35
20 23
20 82
20 125
20 109
20 131
20 74
20 61
92 51
92 82
92 65
92 43
92 63
92 39
92 98
92 48
92 96
92 23
92 131
92 122
92 56
51 34
51 122
51 32
51 119
51 114
51 96
51 97
51 121
51 107
51 18
51 131
51 98
51 74
34 61
34 85
34 104
34 63
34 134
34 66
34 117
34 23
34 98
34 133
34 56
34 45
34 43
34 82
34 97
61 39
61 88
61 134
61 56
61 47
61 119
61 82
61 109
61 105
61 75
61 35
61 104
61 13
61 113
61 25
61 117
39 125
39 56
39 85
39 63
39 133
39 74
39 70
39 98
39 60
39 65
39 122
39 113
39 121
39 66
39 105
39 47
39 95
39 48
39 96
39 107
39 33
39 23
39 134
39 32
125 65
125 98
125 113
125 23
125 35
125 18
125 114
125 109
125 88
125 122
125 131
125 119
125 95
125 13
65 133
65 98
65 97
65 107
65 122
65 13
65 111
65 66
65 117
65 23
65 35
65 70
65 74
65 96
65 25
65 121
133 45
133 63
133 56
133 33
133 74
133 131
133 96
133 114
133 95
133 105
133 43
133 85
45 43
45 97
45 98
45 13
45 109
45 33
45 138
45 107
45 114
45 122
45 63
45 48
45 95
43 95
43 35
43 121
43 134
43 23
43 32
43 47
43 107
95 104
95 60
95 105
95 66
95 119
95 134
95 107
95 48
104 122
104 33
104 35
104 121
104 113
104 75
104 25
104 82
104 96
104 66
104 119
104 47
122 138
122 85
122 60
122 87
122 56
122 74
122 98
122 47
122 35
122 131
122 75
122 96
138 105
138 13
138 74
138 60
138 113
138 75
138 114
138 97
138 88
138 134
138 121
138 119
105 56
105 60
105 35
105 87
105 25
56 85
56 131
56 121
56 117
56 48
56 75
56 18
56 60
56 33
56 113
56 107
85 109
85 88
85 47
85 107
85 75
85 113
85 70
85 48
109 113
109 66
109 32
109 75
109 13
109 48
109 134
109 96
109 63
113 88
113 87
113 66
113 13
113 98
113 47
113 96
88 63
88 107
88 60
88 134
88 121
88 87
88 82
88 18
88 47
88 35
88 66
88 74
63 134
63 117
63 131
63 87
63 35
63 97
63 114
63 66
63 98
134 119
134 33
134 131
134 70
134 107
134 48
134 18
134 97
134 98
134 121
119 35
119 96
119 13
119 114
119 98
119 70
119 60
119 117
119 48
35 60
35 87
35 107
35 13
35 121
35 75
35 23
35 117
35 33
60 25
60 13
60 48
60 75
60 87
60 70
60 117
25 74
25 48
25 82
25 96
25 111
25 97
25 114
74 47
74 13
74 97
74 131
74 23
74 82
74 18
74 98
74 111
74 107
47 98
47 18
47 13
47 32
47 82
47 66
98 121
98 48
98 75
98 97
98 13
98 82
98 111
121 96
121 75
121 107
121 70
121 114
121 33
121 18
96 70
96 111
96 13
96 107
96 66
96 131
96 33
96 75
70 66
70 33
66 117
66 97
66 82
66 33
66 23
66 32
66 111
66 87
117 111
117 131
111 75
111 18
75 107
75 18
75 48
75 97
75 32
75 87
107 97
107 87
107 13
107 18
107 82
107 48
97 87
97 13
97 131
97 32
87 13
87 33
87 18
13 82
13 114
82 18
18 48
18 32
18 23
48 131
48 114
48 33
131 32
32 114
114 33
33 23
