114 87
114 71
114 32
114 146
114 100
114 31
114 30
114 118
114 123
114 9
114 54
114 101
114 112
114 138
114 98
114 37
114 143
114 7
114 62
114 34
114 88
114 48
114 46
114 50
114 96
114 113
114 134
114 79
114 26
114 21
114 27
114 40
114 131
114 97
114 58
114 55
114 122
114 49
114 104
114 107
114 121
114 126
114 115
114 94
114 84
114 66
114 24
114 133
114 149
114 23
114 13
114 148
114 1
114 120
114 29
114 85
114 69
114 33
114 135
114 2
114 108
114 12
114 36
114 78
114 39
114 109
114 136
114 28
114 117
114 76
114 15
114 51
114 142
114 70
114 59
114 141
114 105
114 10
114 127
114 67
114 83
114 93
114 4
114 20
114 52
114 6
114 73
114 110
114 47
114 61
114 128
114 18
114 81
114 102
114 75
114 53
114 124
114 57
114 56
114 38
114 63
114 119
114 111
114 91
71 119
71 30
71 125
71 65
71 93
71 51
71 118
71 43
71 90
71 41
71 116
71 105
71 18
71 64
71 14
71 146
71 109
71 133
71 60
71 84
71 21
71 28
71 92
71 140
71 122
71 101
71 25
71 147
71 37
71 103
71 19
71 150
71 96
71 138
71 58
71 57
71 7
71 87
71 77
71 141
71 55
71 56
71 117
71 145
71 104
71 82
71 142
71 62
71 36
71 148
71 100
71 88
71 31
71 80
71 121
71 113
71 24
71 45
71 53
71 49
71 39
71 128
71 3
71 75
71 48
71 126
71 132
71 76
71 67
71 29
71 40
71 16
71 95
71 26
71 2
71 112
71 10
71 110
71 97
71 111
71 134
71 98
71 130
71 33
71 17
71 74
71 115
71 135
71 123
71 131
71 4
71 59
71 54
71 20
71 6
71 127
71 61
71 81
71 13
71 149
71 137
71 85
71 106
71 47
71 102
71 22
71 68
71 44
71 124
71 108
71 83
71 89
71 1
71 46
71 35
71 144
71 86
71 42
71 78
71 99
71 15
71 63
71 70
71 52
71 69
71 27
71 143
71 72
71 23
119 2
119 76
119 21
119 115
119 14
119 94
119 97
119 134
119 13
119 89
119 117
119 3
119 53
119 79
119 120
119 95
119 34
119 59
119 99
119 16
119 20
119 104
119 109
119 128
119 146
119 68
119 126
119 28
119 8
119 4
119 50
119 147
119 38
119 43
119 44
119 12
119 124
119 148
119 9
119 100
119 81
119 69
119 49
119 5
119 129
119 24
119 62
119 138
119 48
119 26
119 45
119 106
119 52
119 121
119 102
119 92
119 46
119 17
119 82
119 55
119 136
119 27
119 107
119 54
119 70
119 110
119 60
119 37
119 113
119 58
119 72
119 11
119 75
119 132
119 91
119 35
119 36
119 105
119 150
119 142
119 85
119 61
119 125
119 64
119 101
119 19
119 18
119 78
119 137
119 149
119 139
119 90
119 123
119 1
119 116
119 98
119 87
119 118
119 141
119 31
119 93
119 143
119 83
119 127
119 29
119 15
119 74
119 66
119 22
119 122
119 6
119 7
119 39
119 56
119 30
119 88
119 77
119 140
119 135
119 84
119 51
119 10
119 111
119 145
2 124
2 13
2 72
2 68
2 36
2 89
2 122
2 57
2 65
2 94
2 51
2 139
2 60
2 46
2 92
2 135
2 73
2 147
2 150
2 50
2 90
2 78
2 16
2 58
2 76
2 121
2 26
2 116
2 28
2 104
2 33
2 41
2 131
2 39
2 38
2 52
2 31
2 75
2 1
2 113
2 97
2 40
2 54
2 85
2 3
2 133
2 138
2 118
2 145
2 47
2 105
2 4
2 6
2 142
2 49
2 9
2 102
2 128
2 143
2 44
2 17
2 45
2 117
2 91
2 30
2 108
2 126
2 66
2 136
2 32
2 134
2 115
2 7
2 43
2 95
2 23
2 69
2 67
2 11
2 14
2 137
2 88
2 63
2 10
2 62
2 79
2 24
2 87
2 83
2 84
2 86
2 64
2 141
2 59
2 29
2 35
2 42
2 80
2 144
2 132
2 129
2 130
2 101
2 8
2 140
124 92
124 130
124 128
124 149
124 64
124 150
124 148
124 110
124 144
124 78
124 21
124 17
124 132
124 117
124 54
124 74
124 30
124 146
124 120
124 122
124 81
124 57
124 27
124 139
124 63
124 96
124 46
124 131
124 136
124 90
124 24
124 3
124 97
124 31
124 65
124 79
124 113
124 143
124 4
124 103
124 60
124 86
124 111
124 69
124 12
124 45
124 141
124 102
124 35
124 106
124 5
124 85
124 73
124 145
124 15
124 26
124 94
124 127
124 52
124 14
124 70
124 34
124 22
124 140
124 8
124 58
124 66
124 50
124 112
124 43
124 116
124 29
124 121
124 98
124 53
124 133
124 9
124 61
124 135
124 100
124 126
124 115
124 16
124 99
124 134
124 105
124 51
124 13
124 67
124 36
124 37
124 129
124 83
124 87
124 20
124 82
124 137
124 88
124 101
124 80
124 95
124 39
124 125
124 147
92 122
92 64
92 138
92 145
92 118
92 28
92 137
92 135
92 58
92 18
92 10
92 7
92 56
92 74
92 37
92 70
92 20
92 17
92 21
92 53
92 102
92 42
92 123
92 110
92 96
92 111
92 109
92 91
92 100
92 130
92 9
92 147
92 81
92 13
92 62
92 50
92 106
92 75
92 101
92 143
92 35
92 73
92 41
92 16
92 93
92 47
92 150
92 51
92 39
92 115
92 107
92 80
92 99
92 69
92 43
92 49
92 133
92 59
92 94
92 24
92 77
92 95
92 6
92 129
92 32
92 12
92 1
92 117
92 139
92 120
92 30
92 98
92 105
92 87
92 33
92 141
92 149
92 112
92 108
92 67
92 25
92 19
92 88
92 61
92 116
92 140
92 31
92 144
92 82
92 15
92 86
92 66
92 48
92 38
92 113
92 83
92 136
92 29
92 90
92 97
92 26
92 121
92 142
92 125
92 45
92 76
92 134
92 68
92 128
92 146
122 29
122 32
122 100
122 127
122 56
122 3
122 123
122 104
122 15
122 55
122 12
122 33
122 9
122 134
122 150
122 52
122 49
122 76
122 82
122 6
122 48
122 131
122 44
122 40
122 97
122 24
122 19
122 117
122 93
122 83
122 81
122 142
122 149
122 65
122 25
122 70
122 10
122 141
122 66
122 125
122 69
122 77
122 58
122 135
122 18
122 105
122 16
122 115
122 21
122 4
122 103
122 43
122 39
122 62
122 113
122 30
122 111
122 47
122 14
122 128
122 88
122 68
122 26
122 22
122 146
122 28
122 112
122 121
122 78
122 74
122 41
122 109
122 46
122 148
122 107
122 51
122 101
122 96
122 8
122 42
122 17
122 20
122 60
122 120
122 54
122 89
122 91
122 27
122 57
122 50
29 109
29 120
29 15
29 104
29 53
29 28
29 94
29 99
29 22
29 58
29 47
29 121
29 103
29 144
29 54
29 110
29 52
29 100
29 14
29 3
29 80
29 133
29 74
29 62
29 65
29 83
29 21
29 69
29 116
29 23
29 125
29 136
29 43
29 93
29 126
29 66
29 98
29 12
29 26
29 1
29 123
29 72
29 88
29 107
29 68
29 7
29 64
29 24
29 108
29 45
29 25
29 138
29 51
29 18
29 141
29 91
29 84
29 46
29 70
29 140
29 48
29 32
29 75
29 37
29 89
29 42
29 19
29 113
29 135
29 97
29 128
29 105
29 76
29 137
29 127
29 148
29 132
29 33
29 143
29 49
29 16
29 131
29 55
29 57
29 50
29 61
29 111
29 96
29 145
29 67
29 63
29 78
29 87
29 38
29 82
29 10
29 20
29 142
29 86
29 39
29 95
29 36
29 30
109 90
109 48
109 76
109 23
109 93
109 6
109 126
109 97
109 3
109 45
109 118
109 121
109 56
109 50
109 20
109 79
109 7
109 9
109 14
109 16
109 60
109 44
109 80
109 78
109 33
109 127
109 19
109 116
109 77
109 112
109 25
109 96
109 134
109 81
109 110
109 99
109 32
109 84
109 86
109 150
109 129
109 83
109 142
109 26
109 140
109 59
109 74
109 103
109 63
109 98
109 21
109 95
109 35
109 22
109 57
109 147
109 94
109 131
109 115
109 146
109 105
109 18
109 135
109 72
109 102
109 64
109 5
109 133
109 104
109 49
109 38
109 101
109 42
109 141
109 11
109 75
109 138
109 47
109 8
109 120
109 136
109 17
109 143
109 145
109 70
109 108
109 39
109 61
109 149
109 15
109 125
109 66
109 30
109 34
109 46
109 89
109 144
109 12
109 43
109 55
90 32
90 8
90 67
90 95
90 19
90 140
90 100
90 86
90 126
90 54
90 144
90 56
90 7
90 135
90 16
90 63
90 48
90 64
90 147
90 44
90 98
90 108
90 72
90 136
90 70
90 35
90 94
90 129
90 103
90 143
90 132
90 23
90 73
90 82
90 87
90 66
90 5
90 1
90 3
90 99
90 83
90 112
90 36
90 134
90 14
90 52
90 57
90 85
90 21
90 10
90 133
90 89
90 24
90 49
90 93
90 105
90 45
90 58
90 12
90 41
90 13
90 125
90 139
90 102
90 142
90 53
90 4
90 39
90 59
90 74
90 116
90 101
90 30
90 84
90 107
90 150
90 138
90 113
90 78
90 18
90 148
90 69
90 38
90 61
90 127
90 27
90 88
90 31
90 111
90 96
90 6
90 34
90 120
90 149
90 25
90 46
90 15
90 9
90 91
90 28
90 22
90 146
32 94
32 28
32 107
32 83
32 41
32 77
32 46
32 23
32 38
32 24
32 72
32 52
32 115
32 128
32 145
32 10
32 11
32 63
32 26
32 31
32 133
32 54
32 49
32 82
32 20
32 116
32 112
32 37
32 75
32 132
32 62
32 13
32 88
32 126
32 104
32 81
32 5
32 74
32 100
32 30
32 56
32 108
32 44
32 58
32 48
32 121
32 67
32 80
32 45
32 53
32 134
32 131
32 42
32 39
32 1
32 17
32 130
32 139
32 8
32 136
32 7
32 70
32 118
32 19
32 68
32 113
32 21
32 102
32 6
32 16
32 43
32 143
32 135
32 57
32 144
32 27
32 105
32 69
32 64
32 142
32 35
32 106
32 148
32 98
32 22
32 79
32 110
32 96
32 15
32 141
32 93
32 125
32 137
32 76
32 85
32 117
32 127
32 111
32 34
32 147
32 3
94 3
94 125
94 86
94 80
94 132
94 13
94 40
94 24
94 27
94 137
94 46
94 81
94 11
94 123
94 134
94 100
94 56
94 33
94 65
94 129
94 31
94 14
94 30
94 139
94 52
94 126
94 143
94 77
94 74
94 115
94 148
94 39
94 131
94 68
94 111
94 121
94 116
94 120
94 47
94 6
94 110
94 85
94 130
94 136
94 89
94 97
94 142
94 50
94 45
94 82
94 23
94 35
94 101
94 1
94 149
94 145
94 144
94 54
94 37
94 19
94 98
94 9
94 26
94 18
94 105
94 15
94 41
94 147
94 59
94 7
94 138
94 60
94 75
94 133
94 104
94 22
94 69
94 5
94 12
94 70
94 4
94 83
94 84
94 57
94 108
94 16
94 28
94 55
94 107
94 34
94 73
94 78
94 96
94 93
94 42
94 95
94 76
3 36
3 97
3 104
3 108
3 44
3 73
3 23
3 95
3 88
3 18
3 135
3 64
3 50
3 5
3 74
3 77
3 98
3 66
3 35
3 101
3 82
3 121
3 46
3 53
3 130
3 126
3 142
3 96
3 33
3 54
3 84
3 13
3 133
3 143
3 43
3 100
3 40
3 106
3 16
3 134
3 37
3 118
3 145
3 7
3 34
3 75
3 11
3 57
3 14
3 105
3 149
3 45
3 55
3 129
3 87
3 131
3 146
3 147
3 144
3 120
3 20
3 83
3 91
3 51
3 25
3 4
3 107
3 48
3 79
3 112
3 67
3 31
3 30
3 70
3 80
3 27
3 56
3 110
3 9
3 52
3 24
3 89
3 141
3 62
3 42
3 68
3 1
3 140
36 82
36 62
36 146
36 31
36 108
36 144
36 129
36 99
36 34
36 132
36 135
36 13
36 28
36 24
36 17
36 115
36 128
36 56
36 93
36 35
36 70
36 49
36 150
36 142
36 140
36 73
36 38
36 133
36 39
36 51
36 40
36 134
36 145
36 91
36 55
36 12
36 16
36 85
36 116
36 111
36 77
36 14
36 72
36 54
36 19
36 98
36 59
36 102
36 141
36 139
36 27
36 43
36 118
36 23
36 110
36 104
36 113
36 68
36 60
36 67
36 80
36 126
36 120
36 65
36 87
36 143
36 117
36 101
36 44
36 7
36 137
36 138
36 75
36 41
36 52
36 18
36 33
36 48
36 46
36 8
36 66
36 103
36 79
36 148
36 84
36 1
36 20
36 10
36 21
36 50
36 61
36 45
36 86
36 47
36 123
36 11
36 131
36 83
36 25
36 76
82 6
82 4
82 61
82 69
82 147
82 98
82 85
82 64
82 87
82 10
82 20
82 101
82 70
82 16
82 72
82 22
82 18
82 127
82 130
82 14
82 49
82 143
82 66
82 76
82 141
82 11
82 128
82 63
82 138
82 21
82 93
82 145
82 7
82 59
82 15
82 9
82 88
82 86
82 120
82 79
82 116
82 150
82 40
82 47
82 95
82 117
82 134
82 23
82 67
82 75
82 54
82 129
82 24
82 142
82 81
82 8
82 27
82 110
82 77
82 113
82 31
82 125
82 37
82 26
82 89
82 43
82 34
82 41
82 12
82 131
82 105
82 19
82 97
82 53
82 123
82 135
82 126
82 140
82 50
82 102
82 107
82 30
82 78
82 144
82 73
82 139
82 44
82 137
82 104
82 118
82 91
82 35
82 58
82 106
82 111
82 146
82 46
82 80
82 84
82 74
82 13
6 64
6 141
6 87
6 11
6 139
6 73
6 74
6 35
6 80
6 95
6 83
6 46
6 56
6 79
6 115
6 131
6 96
6 33
6 31
6 27
6 123
6 133
6 5
6 107
6 49
6 102
6 126
6 136
6 85
6 10
6 54
6 132
6 76
6 150
6 67
6 69
6 34
6 118
6 68
6 57
6 75
6 21
6 120
6 105
6 70
6 13
6 137
6 42
6 47
6 98
6 20
6 113
6 116
6 91
6 121
6 128
6 1
6 23
6 62
6 51
6 48
6 101
6 86
6 142
6 40
6 84
6 12
6 60
6 50
6 25
6 39
6 138
6 53
6 43
6 77
6 16
6 26
6 14
6 127
6 65
6 110
6 4
6 104
6 117
6 52
6 89
6 125
6 146
6 45
6 135
6 78
6 130
6 100
6 93
6 108
6 99
6 88
6 17
6 22
64 108
64 24
64 38
64 18
64 45
64 17
64 58
64 30
64 116
64 127
64 134
64 126
64 150
64 63
64 87
64 14
64 93
64 69
64 33
64 5
64 118
64 35
64 132
64 149
64 148
64 49
64 47
64 128
64 1
64 10
64 130
64 62
64 102
64 70
64 55
64 81
64 22
64 140
64 106
64 54
64 113
64 27
64 147
64 99
64 28
64 68
64 53
64 145
64 100
64 137
64 139
64 12
64 75
64 112
64 107
64 101
64 41
64 7
64 46
64 4
64 111
64 88
64 136
64 37
64 83
64 103
64 51
64 40
64 143
64 59
64 61
64 89
64 91
64 138
64 43
64 26
64 142
64 95
64 131
64 65
64 31
64 125
64 110
64 135
64 50
64 80
64 39
64 44
64 19
64 15
108 74
108 70
108 20
108 47
108 111
108 97
108 123
108 37
108 101
108 73
108 79
108 11
108 143
108 87
108 19
108 148
108 106
108 69
108 113
108 105
108 67
108 54
108 84
108 75
108 52
108 149
108 103
108 126
108 24
108 27
108 10
108 129
108 17
108 112
108 116
108 5
108 65
108 91
108 140
108 107
108 104
108 72
108 9
108 66
108 22
108 80
108 44
108 142
108 135
108 93
108 118
108 18
108 85
108 41
108 139
108 99
108 95
108 58
108 15
108 40
108 33
108 57
108 132
108 136
108 60
108 26
108 96
108 138
108 45
108 137
108 7
108 46
108 125
108 59
108 62
108 14
108 98
108 133
108 130
108 120
108 102
108 28
108 77
108 81
108 110
108 1
108 4
108 39
108 134
108 144
108 89
108 61
108 131
108 23
108 115
108 42
108 30
74 7
74 134
74 21
74 47
74 11
74 150
74 19
74 52
74 30
74 96
74 143
74 98
74 77
74 89
74 37
74 118
74 27
74 14
74 68
74 115
74 18
74 91
74 12
74 44
74 39
74 4
74 120
74 20
74 26
74 72
74 149
74 79
74 61
74 66
74 50
74 15
74 17
74 31
74 147
74 10
74 132
74 23
74 107
74 35
74 75
74 65
74 25
74 59
74 95
74 48
74 88
74 133
74 106
74 93
74 73
74 105
74 43
74 34
74 145
74 129
74 144
74 136
74 9
74 24
74 22
74 146
74 85
74 131
74 42
74 111
74 87
74 125
74 86
74 38
74 57
74 116
74 53
74 78
74 99
74 102
74 97
74 45
74 135
74 148
74 83
74 81
74 76
74 142
74 103
74 41
74 67
74 137
74 141
74 128
74 28
74 62
74 49
74 138
74 117
74 113
7 39
7 76
7 133
7 1
7 115
7 106
7 111
7 40
7 4
7 132
7 120
7 33
7 51
7 130
7 30
7 142
7 79
7 87
7 42
7 93
7 107
7 118
7 95
7 46
7 131
7 75
7 147
7 88
7 15
7 28
7 143
7 98
7 96
7 27
7 41
7 73
7 150
7 47
7 81
7 13
7 26
7 123
7 136
7 53
7 128
7 25
7 31
7 105
7 57
7 68
7 48
7 138
7 146
7 19
7 121
7 67
7 77
7 129
7 21
7 99
7 135
7 91
7 50
7 144
7 8
7 112
7 59
7 24
7 140
7 110
7 10
7 86
7 49
7 58
7 66
7 45
7 12
7 125
7 126
7 89
7 137
7 134
7 113
7 116
7 127
7 103
7 43
7 65
7 141
7 16
7 37
7 148
7 35
7 100
39 83
39 41
39 66
39 12
39 47
39 16
39 49
39 140
39 27
39 52
39 102
39 141
39 56
39 19
39 18
39 128
39 97
39 120
39 70
39 148
39 110
39 95
39 31
39 23
39 26
39 136
39 106
39 85
39 33
39 129
39 21
39 77
39 93
39 28
39 125
39 111
39 54
39 45
39 9
39 123
39 75
39 44
39 138
39 126
39 98
39 69
39 116
39 103
39 4
39 73
39 63
39 86
39 142
39 147
39 68
39 112
39 40
39 118
39 30
39 80
39 60
39 84
39 131
39 22
39 48
39 25
39 42
39 13
39 79
39 72
39 87
39 132
39 139
39 17
39 127
39 61
39 5
39 101
39 115
39 24
39 89
39 14
39 37
39 88
39 1
39 135
39 55
39 11
39 143
39 145
39 81
39 65
39 130
39 10
39 117
39 67
83 130
83 31
83 52
83 43
83 98
83 55
83 73
83 24
83 5
83 56
83 47
83 96
83 113
83 49
83 48
83 134
83 128
83 40
83 1
83 61
83 27
83 106
83 89
83 20
83 127
83 117
83 72
83 17
83 70
83 65
83 144
83 135
83 14
83 86
83 38
83 121
83 4
83 131
83 80
83 81
83 146
83 139
83 30
83 63
83 125
83 145
83 149
83 104
83 79
83 66
83 101
83 138
83 150
83 141
83 110
83 76
83 18
83 67
83 13
83 129
83 112
83 115
83 42
83 50
83 126
83 9
83 85
83 45
83 53
83 69
83 10
83 8
83 16
83 21
83 58
83 44
83 33
83 60
83 102
83 54
83 147
83 37
83 68
83 57
83 25
83 103
83 136
83 107
130 116
130 8
130 101
130 65
130 80
130 79
130 98
130 5
130 127
130 110
130 24
130 148
130 147
130 117
130 4
130 13
130 112
130 43
130 131
130 145
130 58
130 9
130 136
130 134
130 47
130 118
130 72
130 111
130 146
130 100
130 138
130 149
130 113
130 52
130 77
130 1
130 55
130 27
130 54
130 142
130 133
130 21
130 41
130 25
130 132
130 140
130 56
130 42
130 49
130 68
130 46
130 45
130 48
130 19
130 104
130 84
130 40
130 17
130 12
130 30
130 51
130 53
130 126
130 86
130 85
130 69
130 14
130 93
130 66
130 57
130 31
130 22
130 34
130 95
130 38
130 62
116 97
116 55
116 87
116 133
116 35
116 22
116 98
116 80
116 75
116 63
116 30
116 129
116 31
116 10
116 43
116 86
116 111
116 101
116 69
116 27
116 17
116 118
116 28
116 18
116 107
116 146
116 147
116 89
116 44
116 48
116 46
116 99
116 15
116 139
116 115
116 4
116 96
116 127
116 37
116 140
116 61
116 149
116 76
116 26
116 88
116 42
116 104
116 34
116 25
116 150
116 54
116 24
116 85
116 131
116 91
116 52
116 12
116 123
116 19
116 5
116 144
116 125
116 93
116 62
116 16
116 40
116 141
116 8
116 132
116 70
116 77
116 106
116 58
116 67
116 102
116 9
116 121
116 14
116 66
116 50
116 41
116 81
116 145
116 100
116 38
116 128
116 65
116 137
116 53
116 95
116 105
97 12
97 133
97 75
97 11
97 40
97 89
97 77
97 54
97 99
97 150
97 106
97 72
97 78
97 88
97 65
97 48
97 61
97 137
97 5
97 27
97 93
97 85
97 8
97 51
97 144
97 18
97 79
97 105
97 69
97 1
97 147
97 38
97 10
97 100
97 9
97 45
97 22
97 146
97 120
97 31
97 148
97 102
97 142
97 127
97 37
97 86
97 63
97 47
97 81
97 59
97 95
97 110
97 138
97 91
97 135
97 98
97 111
97 126
97 35
97 46
97 80
97 60
97 84
97 143
97 55
97 103
97 149
97 145
97 73
97 33
97 115
97 16
97 56
97 4
97 41
97 118
97 123
97 128
97 121
97 117
97 113
97 14
97 19
97 21
97 52
97 58
97 129
97 13
97 17
97 107
97 68
97 28
97 132
97 141
12 89
12 50
12 11
12 111
12 96
12 5
12 98
12 75
12 95
12 125
12 86
12 84
12 1
12 23
12 99
12 120
12 40
12 25
12 35
12 8
12 31
12 38
12 81
12 113
12 104
12 60
12 49
12 15
12 134
12 80
12 118
12 62
12 72
12 91
12 44
12 121
12 127
12 129
12 115
12 110
12 106
12 57
12 46
12 30
12 126
12 145
12 47
12 59
12 105
12 21
12 117
12 67
12 24
12 42
12 61
12 27
12 73
12 55
12 112
12 14
12 77
12 54
12 79
12 51
12 28
12 142
12 143
12 20
12 19
12 22
12 93
12 65
12 85
12 123
12 70
12 131
12 100
12 88
12 48
12 43
12 140
12 132
12 41
12 10
12 18
12 52
12 9
12 58
12 66
12 37
12 68
89 38
89 107
89 33
89 95
89 53
89 98
89 21
89 88
89 37
89 5
89 81
89 42
89 14
89 11
89 144
89 100
89 123
89 20
89 104
89 60
89 140
89 59
89 9
89 111
89 139
89 75
89 66
89 4
89 72
89 27
89 138
89 150
89 137
89 96
89 57
89 147
89 117
89 16
89 52
89 51
89 49
89 45
89 118
89 113
89 87
89 125
89 62
89 8
89 149
89 133
89 25
89 86
89 132
89 121
89 84
89 1
89 44
89 135
89 101
89 68
89 105
89 63
89 146
89 76
89 136
89 102
89 99
89 23
89 35
89 126
89 77
89 78
89 65
89 128
89 46
89 30
89 103
89 112
89 24
89 145
89 26
89 19
89 93
89 127
89 31
89 61
38 129
38 54
38 37
38 107
38 48
38 26
38 135
38 22
38 150
38 102
38 75
38 140
38 127
38 34
38 136
38 112
38 86
38 111
38 23
38 60
38 76
38 49
38 56
38 138
38 143
38 62
38 100
38 9
38 46
38 87
38 31
38 53
38 103
38 99
38 141
38 85
38 131
38 24
38 78
38 11
38 4
38 95
38 68
38 73
38 110
38 51
38 30
38 58
38 28
38 25
38 16
38 15
38 35
38 10
38 42
38 106
38 45
38 104
38 65
38 1
38 19
38 59
38 55
38 145
38 149
38 117
38 133
38 118
38 123
38 27
38 137
38 79
38 40
38 5
38 17
38 52
38 128
38 61
38 98
129 44
129 60
129 51
129 99
129 95
129 8
129 80
129 100
129 139
129 24
129 79
129 20
129 35
129 48
129 13
129 126
129 148
129 140
129 5
129 66
129 25
129 14
129 120
129 15
129 85
129 43
129 53
129 87
129 143
129 102
129 65
129 46
129 54
129 30
129 11
129 110
129 111
129 128
129 78
129 98
129 121
129 31
129 106
129 132
129 77
129 45
129 91
129 135
129 112
129 42
129 27
129 21
129 72
129 1
129 19
129 117
129 144
129 17
129 57
129 41
129 68
129 9
129 50
129 123
129 69
129 103
129 145
129 16
129 113
129 105
129 137
129 149
129 73
129 84
129 22
129 125
129 104
129 136
129 133
44 137
44 141
44 59
44 61
44 75
44 104
44 98
44 125
44 107
44 1
44 16
44 144
44 126
44 73
44 84
44 18
44 24
44 37
44 65
44 102
44 68
44 31
44 55
44 140
44 88
44 28
44 4
44 20
44 133
44 19
44 54
44 85
44 95
44 149
44 135
44 105
44 80
44 99
44 77
44 41
44 10
44 50
44 26
44 76
44 96
44 43
44 52
44 53
44 78
44 57
44 23
44 27
44 70
44 5
44 21
44 131
44 147
44 87
44 113
44 136
44 46
44 139
44 49
44 93
44 11
44 56
44 60
44 15
44 86
44 143
44 100
44 14
44 101
44 51
44 111
44 91
44 25
44 9
44 67
44 115
44 66
137 1
137 41
137 42
137 134
137 73
137 65
137 13
137 66
137 85
137 4
137 19
137 107
137 33
137 111
137 110
137 150
137 16
137 52
137 46
137 70
137 98
137 145
137 57
137 78
137 87
137 14
137 23
137 149
137 112
137 21
137 100
137 58
137 10
137 26
137 127
137 67
137 9
137 15
137 81
137 49
137 55
137 43
137 8
137 105
137 118
137 146
137 131
137 144
137 99
137 24
137 37
137 103
137 135
137 101
137 106
137 133
137 69
137 113
137 30
137 47
137 88
137 141
137 147
137 40
137 56
137 120
137 59
137 27
137 51
137 53
137 102
137 80
137 76
137 140
137 28
137 61
137 126
137 34
137 31
137 35
137 96
137 148
137 17
137 138
137 72
137 75
137 60
1 25
1 27
1 57
1 95
1 72
1 28
1 58
1 100
1 17
1 91
1 47
1 117
1 102
1 63
1 69
1 121
1 150
1 13
1 14
1 5
1 88
1 22
1 145
1 4
1 103
1 111
1 16
1 139
1 15
1 50
1 140
1 46
1 43
1 87
1 141
1 115
1 110
1 20
1 8
1 42
1 99
1 34
1 9
1 118
1 37
1 81
1 101
1 96
1 52
1 93
1 41
1 26
1 56
1 66
1 54
1 146
1 80
1 147
1 10
1 113
1 51
1 21
1 61
1 48
1 86
1 23
1 59
1 148
1 112
1 18
1 128
1 136
1 138
1 77
1 33
1 144
1 19
1 62
1 125
1 134
1 49
1 55
1 76
1 60
1 123
25 58
25 4
25 141
25 91
25 21
25 134
25 107
25 10
25 135
25 51
25 61
25 104
25 142
25 145
25 93
25 48
25 65
25 86
25 110
25 67
25 121
25 76
25 19
25 31
25 131
25 46
25 72
25 120
25 28
25 149
25 41
25 80
25 52
25 95
25 144
25 42
25 45
25 138
25 75
25 26
25 24
25 79
25 99
25 111
25 68
25 125
25 23
25 101
25 47
25 102
25 30
25 20
25 27
25 53
25 126
25 49
25 132
25 146
25 148
25 73
25 106
25 11
25 60
25 84
25 22
25 139
25 147
25 133
25 63
25 115
25 35
25 13
25 113
25 34
25 143
25 78
25 66
25 77
25 54
25 127
25 8
25 96
25 59
25 43
25 100
58 85
58 28
58 115
58 144
58 26
58 140
58 34
58 61
58 104
58 145
58 30
58 133
58 138
58 62
58 143
58 60
58 9
58 88
58 17
58 125
58 99
58 87
58 4
58 43
58 105
58 91
58 53
58 100
58 127
58 112
58 76
58 70
58 69
58 45
58 128
58 19
58 77
58 46
58 55
58 134
58 14
58 11
58 78
58 135
58 66
58 102
58 136
58 110
58 57
58 148
58 121
58 86
58 33
58 49
58 16
58 131
58 42
58 63
58 37
58 123
58 24
58 15
58 10
58 73
58 51
58 113
58 47
58 27
58 56
58 150
58 111
58 132
58 8
58 84
58 48
58 13
58 103
85 26
85 73
85 60
85 17
85 77
85 72
85 4
85 30
85 101
85 104
85 120
85 135
85 80
85 19
85 84
85 70
85 111
85 10
85 102
85 144
85 142
85 126
85 5
85 8
85 150
85 127
85 66
85 117
85 27
85 23
85 59
85 103
85 63
85 141
85 75
85 24
85 147
85 9
85 76
85 100
85 67
85 145
85 14
85 134
85 15
85 123
85 68
85 112
85 45
85 121
85 69
85 33
85 128
85 93
85 21
85 53
85 87
85 79
85 131
85 48
85 140
85 52
85 91
85 143
85 132
85 98
85 86
85 95
85 20
85 28
85 96
85 35
26 60
26 120
26 100
26 78
26 144
26 55
26 31
26 50
26 146
26 52
26 53
26 140
26 150
26 131
26 33
26 40
26 41
26 14
26 121
26 68
26 5
26 51
26 66
26 84
26 105
26 125
26 37
26 65
26 126
26 127
26 69
26 79
26 106
26 70
26 42
26 128
26 11
26 148
26 8
26 34
26 133
26 139
26 110
26 145
26 63
26 45
26 62
26 136
26 17
26 95
26 138
26 86
26 67
26 73
26 132
26 81
26 76
26 96
26 22
26 107
26 113
26 54
26 111
26 23
26 9
26 103
26 141
26 57
26 13
26 72
26 48
26 28
26 16
26 149
26 21
26 115
26 93
26 20
26 147
26 43
26 99
26 35
26 101
26 46
26 47
60 31
60 103
60 123
60 42
60 135
60 149
60 68
60 46
60 5
60 52
60 128
60 79
60 35
60 53
60 118
60 131
60 50
60 140
60 49
60 41
60 57
60 56
60 55
60 11
60 70
60 76
60 19
60 61
60 96
60 138
60 117
60 66
60 9
60 145
60 43
60 77
60 59
60 100
60 86
60 147
60 141
60 17
60 87
60 115
60 45
60 72
60 104
60 133
60 91
60 93
60 63
60 47
60 34
60 95
60 67
60 69
60 125
60 101
60 102
60 15
60 139
60 65
60 8
60 106
60 81
60 98
60 23
60 107
60 113
60 62
60 16
60 10
60 136
60 54
60 105
60 112
60 110
60 28
31 93
31 105
31 128
31 22
31 112
31 141
31 35
31 77
31 13
31 144
31 30
31 79
31 37
31 86
31 72
31 67
31 48
31 95
31 63
31 15
31 45
31 47
31 66
31 110
31 23
31 43
31 33
31 96
31 53
31 73
31 59
31 125
31 98
31 78
31 51
31 10
31 75
31 148
31 55
31 54
31 104
31 131
31 57
31 16
31 8
31 42
31 149
31 21
31 132
31 62
31 111
31 11
31 41
31 100
31 142
31 99
31 68
31 145
31 143
31 24
31 136
31 133
31 146
31 103
31 40
31 5
31 139
31 56
31 4
31 91
31 18
31 50
93 121
93 8
93 110
93 138
93 17
93 95
93 56
93 150
93 103
93 142
93 99
93 63
93 112
93 104
93 91
93 37
93 77
93 79
93 126
93 133
93 140
93 57
93 87
93 59
93 22
93 23
93 107
93 50
93 102
93 76
93 65
93 146
93 70
93 13
93 19
93 16
93 69
93 125
93 66
93 78
93 120
93 10
93 75
93 28
93 148
93 33
93 43
93 145
93 52
93 51
93 18
93 86
93 45
93 113
93 84
93 106
93 123
93 72
93 132
93 101
93 141
93 149
93 98
93 34
93 111
93 144
93 4
93 46
93 100
93 49
93 88
93 134
93 118
93 40
93 35
93 42
93 27
93 15
93 55
93 54
93 41
93 47
93 115
93 131
121 103
121 23
121 104
121 28
121 132
121 52
121 22
121 4
121 106
121 79
121 127
121 63
121 40
121 77
121 20
121 16
121 48
121 49
121 91
121 15
121 57
121 8
121 81
121 59
121 98
121 56
121 141
121 10
121 13
121 43
121 149
121 53
121 111
121 102
121 51
121 24
121 117
121 54
121 47
121 62
121 143
121 148
121 128
121 33
121 99
121 55
121 105
121 120
121 115
121 100
121 86
121 135
121 66
121 126
121 61
121 9
121 5
121 134
121 80
121 145
121 118
121 110
121 78
121 68
121 14
121 35
121 34
121 113
121 131
121 70
121 95
121 140
121 112
121 87
121 142
121 150
121 42
121 84
121 139
121 101
121 69
121 27
121 73
121 96
103 46
103 14
103 150
103 52
103 135
103 76
103 10
103 143
103 104
103 48
103 72
103 81
103 73
103 4
103 117
103 35
103 51
103 141
103 107
103 69
103 37
103 148
103 20
103 79
103 8
103 146
103 5
103 59
103 61
103 105
103 28
103 34
103 40
103 54
103 144
103 53
103 21
103 11
103 67
103 138
103 70
103 24
103 136
103 45
103 41
103 113
103 47
103 9
103 131
103 123
103 87
103 147
103 77
103 66
103 55
103 112
103 50
103 63
103 115
103 19
103 120
103 33
103 65
103 128
103 95
103 68
103 27
103 43
103 106
103 133
103 134
103 140
46 54
46 40
46 143
46 53
46 98
46 48
46 128
46 57
46 17
46 52
46 105
46 43
46 75
46 134
46 86
46 84
46 142
46 111
46 22
46 73
46 107
46 24
46 11
46 117
46 41
46 123
46 49
46 146
46 51
46 15
46 96
46 70
46 136
46 77
46 27
46 34
46 63
46 30
46 45
46 10
46 69
46 127
46 91
46 76
46 126
46 61
46 68
46 110
46 102
46 120
46 62
46 88
46 65
46 21
46 87
46 95
46 115
46 131
46 100
46 141
46 125
46 104
46 148
46 138
46 19
46 23
46 4
46 20
46 147
46 80
46 14
46 67
54 35
54 88
54 102
54 118
54 107
54 5
54 50
54 37
54 41
54 131
54 150
54 73
54 55
54 42
54 28
54 61
54 87
54 13
54 76
54 120
54 70
54 147
54 75
54 56
54 128
54 79
54 100
54 127
54 101
54 59
54 19
54 68
54 132
54 80
54 34
54 4
54 63
54 141
54 48
54 65
54 140
54 113
54 139
54 9
54 133
54 123
54 136
54 149
54 112
54 104
54 57
54 78
54 143
54 99
54 8
54 69
54 106
54 53
54 146
54 22
54 144
54 17
54 23
54 134
54 148
54 72
54 91
54 105
54 14
54 15
54 52
54 20
54 117
54 115
54 30
54 40
35 144
35 91
35 131
35 16
35 87
35 106
35 5
35 68
35 80
35 111
35 84
35 76
35 28
35 21
35 133
35 18
35 17
35 134
35 15
35 20
35 67
35 77
35 145
35 73
35 78
35 110
35 50
35 52
35 125
35 53
35 42
35 34
35 14
35 24
35 30
35 48
35 70
35 37
35 10
35 100
35 141
35 115
35 102
35 123
35 150
35 113
35 118
35 55
35 51
35 63
35 56
35 140
35 43
35 135
35 132
35 11
35 23
35 99
35 107
35 104
35 72
35 95
35 59
35 19
35 126
35 75
35 88
35 41
35 66
35 98
144 34
144 37
144 23
144 102
144 133
144 120
144 112
144 11
144 100
144 95
144 106
144 28
144 65
144 33
144 8
144 20
144 59
144 21
144 113
144 76
144 72
144 18
144 55
144 19
144 141
144 63
144 81
144 149
144 148
144 41
144 140
144 10
144 62
144 5
144 43
144 115
144 56
144 52
144 104
144 24
144 66
144 9
144 40
144 88
144 147
144 17
144 110
144 79
144 49
144 99
144 128
144 117
144 13
144 101
144 118
144 127
144 67
144 145
144 111
144 136
144 51
144 53
144 143
144 47
144 142
144 86
144 84
144 16
144 96
144 146
144 45
144 69
144 80
144 107
144 27
144 91
34 81
34 77
34 117
34 62
34 65
34 150
34 80
34 107
34 4
34 102
34 133
34 98
34 148
34 42
34 139
34 68
34 55
34 17
34 21
34 87
34 127
34 79
34 47
34 118
34 18
34 132
34 57
34 48
34 23
34 101
34 11
34 14
34 136
34 113
34 78
34 15
34 33
34 84
34 61
34 10
34 53
34 76
34 27
34 73
34 134
34 45
34 99
34 43
34 111
34 123
34 70
34 91
34 135
34 22
34 112
34 67
34 104
34 59
34 9
34 128
34 40
34 72
34 75
34 63
34 51
34 138
34 5
34 125
34 146
34 141
34 37
34 96
34 86
34 13
81 24
81 136
81 79
81 150
81 107
81 49
81 4
81 55
81 22
81 40
81 76
81 45
81 110
81 147
81 100
81 88
81 120
81 63
81 77
81 145
81 105
81 143
81 148
81 133
81 146
81 87
81 78
81 47
81 102
81 112
81 28
81 11
81 30
81 132
81 51
81 57
81 65
81 139
81 59
81 101
81 113
81 98
81 61
81 5
81 104
81 67
81 62
81 134
81 138
81 99
81 10
81 56
81 115
81 140
81 123
81 127
81 111
81 41
81 37
81 8
81 9
81 13
81 43
81 80
81 53
81 141
81 117
81 91
24 40
24 33
24 143
24 19
24 4
24 5
24 56
24 136
24 22
24 13
24 147
24 148
24 52
24 14
24 101
24 132
24 76
24 72
24 115
24 150
24 51
24 53
24 139
24 77
24 112
24 65
24 47
24 68
24 48
24 110
24 63
24 67
24 61
24 42
24 15
24 125
24 104
24 10
24 99
24 120
24 138
24 111
24 131
24 113
24 86
24 128
24 106
24 142
24 145
24 135
24 75
24 78
24 70
24 43
24 55
24 95
24 21
24 9
24 16
24 37
24 69
24 140
24 8
24 73
24 84
24 96
24 98
24 118
24 126
24 49
24 107
24 105
24 28
24 146
24 117
24 91
24 41
24 20
24 80
24 17
24 18
24 87
40 142
40 138
40 23
40 28
40 18
40 99
40 27
40 57
40 140
40 132
40 113
40 126
40 13
40 118
40 66
40 87
40 102
40 141
40 106
40 131
40 69
40 150
40 15
40 76
40 50
40 55
40 8
40 63
40 48
40 22
40 136
40 84
40 47
40 61
40 80
40 117
40 4
40 19
40 52
40 125
40 73
40 96
40 111
40 30
40 17
40 5
40 45
40 53
40 134
40 68
40 101
40 104
40 42
40 37
40 21
40 148
40 20
40 147
40 98
40 33
40 67
40 100
40 127
40 86
40 51
40 10
40 107
40 62
40 65
40 128
40 9
142 131
142 73
142 56
142 15
142 23
142 48
142 99
142 67
142 134
142 118
142 148
142 150
142 50
142 21
142 105
142 10
142 72
142 53
142 42
142 43
142 49
142 111
142 65
142 133
142 75
142 33
142 27
142 19
142 20
142 123
142 11
142 66
142 104
142 143
142 16
142 86
142 78
142 140
142 135
142 59
142 87
142 30
142 76
142 147
142 115
142 28
142 55
142 112
142 70
142 132
142 4
142 113
142 61
142 47
142 98
142 96
142 57
142 68
131 16
131 123
131 51
131 149
131 49
131 138
131 45
131 139
131 70
131 63
131 69
131 133
131 105
131 88
131 115
131 147
131 84
131 19
131 102
131 98
131 146
131 57
131 145
131 128
131 59
131 14
131 75
131 48
131 56
131 65
131 42
131 17
131 41
131 11
131 110
131 135
131 76
131 132
131 107
131 118
131 125
131 140
131 120
131 33
131 112
131 13
131 91
131 5
131 27
131 10
131 23
131 73
131 18
131 136
131 99
131 15
131 117
131 143
131 53
131 47
131 66
131 141
131 106
131 43
131 50
131 80
131 113
131 96
16 86
16 96
16 51
16 105
16 136
16 47
16 14
16 146
16 50
16 37
16 41
16 42
16 112
16 30
16 53
16 45
16 143
16 84
16 66
16 99
16 18
16 111
16 19
16 22
16 15
16 72
16 127
16 133
16 102
16 49
16 128
16 11
16 48
16 115
16 43
16 91
16 88
16 100
16 135
16 78
16 57
16 117
16 63
16 123
16 79
16 67
16 76
16 23
16 98
16 118
16 147
16 27
16 126
16 61
16 145
16 73
16 134
16 20
16 59
16 69
16 5
16 80
16 62
16 141
16 104
16 101
16 4
16 148
16 87
16 110
16 70
86 132
86 20
86 113
86 123
86 21
86 63
86 75
86 106
86 22
86 143
86 102
86 66
86 55
86 13
86 76
86 17
86 52
86 57
86 9
86 91
86 135
86 33
86 95
86 98
86 79
86 105
86 133
86 80
86 138
86 112
86 42
86 99
86 134
86 136
86 84
86 43
86 15
86 101
86 140
86 4
86 149
86 96
86 88
86 5
86 10
86 18
86 139
86 47
86 37
86 65
86 59
86 148
86 104
86 110
86 78
86 14
86 111
86 53
86 48
86 28
86 69
86 147
86 62
86 19
132 149
132 55
132 53
132 63
132 18
132 73
132 48
132 50
132 120
132 9
132 22
132 110
132 99
132 127
132 45
132 96
132 126
132 52
132 72
132 4
132 20
132 62
132 146
132 70
132 27
132 135
132 65
132 67
132 41
132 139
132 79
132 80
132 30
132 69
132 8
132 111
132 133
132 98
132 113
132 106
132 15
132 28
132 17
132 91
132 43
132 102
132 77
132 49
132 128
132 42
132 138
132 11
132 105
132 141
132 47
132 134
132 57
132 115
132 19
132 104
132 148
132 147
132 13
132 84
132 100
149 56
149 98
149 117
149 80
149 147
149 13
149 148
149 107
149 55
149 37
149 123
149 102
149 67
149 21
149 65
149 28
149 96
149 104
149 134
149 115
149 73
149 61
149 139
149 133
149 43
149 63
149 72
149 14
149 4
149 11
149 62
149 5
149 99
149 53
149 100
149 47
149 76
149 49
149 126
149 30
149 27
149 68
149 118
149 143
149 91
149 23
149 50
149 9
149 127
149 18
149 111
149 87
149 70
149 79
149 110
149 19
149 57
149 113
149 78
149 77
149 33
149 66
149 145
149 15
149 112
149 150
149 20
149 48
149 51
56 42
56 27
56 62
56 51
56 138
56 141
56 14
56 120
56 150
56 33
56 99
56 55
56 140
56 5
56 68
56 69
56 73
56 37
56 91
56 139
56 106
56 95
56 145
56 110
56 98
56 102
56 77
56 128
56 76
56 107
56 8
56 13
56 123
56 78
56 67
56 28
56 143
56 48
56 52
56 20
56 112
56 127
56 66
56 88
56 101
56 117
56 105
56 45
56 148
56 115
56 65
56 9
56 126
56 50
56 100
56 18
56 146
56 111
56 57
56 96
56 63
56 80
56 125
42 62
42 84
42 75
42 140
42 73
42 105
42 150
42 95
42 65
42 80
42 9
42 17
42 52
42 120
42 104
42 48
42 11
42 79
42 101
42 23
42 5
42 99
42 21
42 87
42 135
42 43
42 18
42 49
42 30
42 146
42 91
42 106
42 117
42 68
42 143
42 138
42 57
42 4
42 100
42 27
42 47
42 127
42 118
42 59
42 28
42 15
42 37
42 55
42 78
42 70
42 102
42 110
42 61
42 53
42 72
42 33
42 77
42 45
42 147
42 8
42 134
42 22
42 69
42 111
42 112
62 126
62 63
62 106
62 33
62 9
62 76
62 134
62 30
62 66
62 10
62 107
62 23
62 21
62 55
62 13
62 77
62 50
62 78
62 125
62 98
62 133
62 5
62 57
62 52
62 75
62 47
62 61
62 145
62 136
62 43
62 37
62 113
62 91
62 67
62 72
62 15
62 146
62 143
62 51
62 87
62 68
62 148
62 14
62 41
62 111
62 49
62 112
62 69
62 138
62 11
62 123
62 8
62 95
62 140
62 28
62 99
62 18
62 45
62 70
62 105
62 150
62 102
62 59
62 80
62 22
62 19
62 48
62 4
62 127
62 27
126 125
126 101
126 70
126 104
126 52
126 5
126 143
126 117
126 88
126 55
126 18
126 98
126 105
126 115
126 17
126 33
126 113
126 102
126 15
126 9
126 45
126 145
126 21
126 72
126 30
126 27
126 65
126 150
126 78
126 110
126 20
126 128
126 140
126 14
126 47
126 68
126 13
126 107
126 118
126 139
126 136
126 48
126 28
126 138
126 87
126 77
126 69
126 61
126 141
126 37
126 50
126 75
126 133
126 146
126 127
126 73
126 120
126 100
126 63
126 23
126 111
126 148
126 41
126 112
126 10
126 4
125 53
125 21
125 13
125 37
125 43
125 115
125 69
125 59
125 128
125 148
125 95
125 49
125 134
125 77
125 45
125 127
125 79
125 47
125 78
125 5
125 150
125 72
125 30
125 100
125 66
125 140
125 88
125 20
125 75
125 101
125 41
125 48
125 14
125 33
125 51
125 63
125 120
125 106
125 112
125 76
125 57
125 9
125 70
125 84
125 23
125 8
125 118
125 99
125 17
125 136
125 113
125 145
125 18
125 147
125 91
125 104
125 146
125 52
125 68
125 107
125 61
125 67
125 123
125 28
125 138
125 117
125 135
53 49
53 145
53 140
53 139
53 48
53 69
53 8
53 105
53 104
53 135
53 51
53 72
53 96
53 146
53 59
53 79
53 14
53 120
53 45
53 22
53 91
53 133
53 148
53 68
53 21
53 57
53 123
53 106
53 13
53 98
53 20
53 67
53 30
53 4
53 100
53 17
53 87
53 9
53 47
53 110
53 18
53 147
53 136
53 99
53 15
53 134
53 73
53 127
53 150
53 28
53 111
53 43
53 101
53 115
53 11
53 107
53 63
53 55
49 78
49 61
49 43
49 88
49 30
49 9
49 72
49 135
49 13
49 143
49 22
49 95
49 111
49 5
49 63
49 113
49 55
49 67
49 76
49 11
49 33
49 66
49 117
49 77
49 21
49 133
49 105
49 68
49 65
49 23
49 17
49 141
49 18
49 110
49 20
49 50
49 139
49 41
49 140
49 70
49 136
49 106
49 145
49 79
49 120
49 27
49 19
49 91
49 57
49 4
49 150
49 47
49 10
49 128
49 102
49 52
49 51
49 80
49 37
49 115
49 134
49 101
49 15
78 9
78 143
78 79
78 57
78 104
78 115
78 19
78 147
78 66
78 13
78 113
78 23
78 111
78 63
78 20
78 135
78 33
78 96
78 146
78 8
78 45
78 106
78 91
78 112
78 10
78 69
78 118
78 145
78 48
78 21
78 120
78 28
78 14
78 107
78 134
78 30
78 18
78 100
78 76
78 139
78 87
78 150
78 98
78 65
78 47
78 59
78 75
78 117
78 140
78 17
78 99
78 41
78 11
78 4
78 70
78 95
9 30
9 70
9 128
9 138
9 10
9 73
9 96
9 136
9 102
9 101
9 76
9 59
9 47
9 127
9 118
9 106
9 27
9 107
9 45
9 143
9 91
9 134
9 68
9 79
9 14
9 139
9 80
9 146
9 133
9 120
9 115
9 147
9 63
9 28
9 17
9 61
9 105
9 65
9 41
9 13
9 113
9 57
9 15
9 123
9 52
9 50
9 19
9 4
9 99
9 84
9 33
9 75
9 43
9 22
9 37
9 98
9 95
9 141
9 100
9 55
9 69
9 23
30 50
30 10
30 102
30 37
30 28
30 120
30 139
30 112
30 15
30 67
30 13
30 65
30 33
30 140
30 100
30 77
30 95
30 43
30 101
30 48
30 105
30 143
30 88
30 147
30 134
30 141
30 52
30 107
30 41
30 138
30 68
30 59
30 133
30 110
30 20
30 21
30 57
30 75
30 99
30 66
30 23
30 123
30 118
30 45
30 27
30 4
30 17
30 73
30 63
30 14
30 150
30 8
30 51
30 22
30 113
30 79
30 19
30 11
50 95
50 113
50 100
50 120
50 123
50 43
50 61
50 33
50 48
50 140
50 84
50 76
50 67
50 68
50 147
50 101
50 79
50 134
50 14
50 133
50 98
50 91
50 37
50 69
50 66
50 75
50 18
50 135
50 11
50 106
50 55
50 102
50 150
50 57
50 148
50 10
50 128
50 146
50 63
50 145
50 96
50 77
50 45
50 143
50 138
50 87
50 88
50 20
50 5
50 141
50 41
50 104
50 73
50 80
50 72
95 22
95 134
95 96
95 75
95 13
95 19
95 52
95 139
95 88
95 41
95 105
95 27
95 87
95 150
95 72
95 110
95 14
95 76
95 69
95 80
95 118
95 107
95 91
95 21
95 77
95 18
95 51
95 20
95 70
95 65
95 98
95 104
95 123
95 106
95 63
95 43
95 141
95 147
95 48
95 33
95 112
95 111
95 73
95 23
95 140
95 99
95 66
95 67
95 61
95 17
95 138
95 117
22 99
22 127
22 75
22 147
22 14
22 70
22 63
22 140
22 91
22 145
22 45
22 128
22 139
22 61
22 100
22 28
22 148
22 5
22 20
22 79
22 72
22 104
22 15
22 136
22 120
22 37
22 57
22 133
22 21
22 41
22 23
22 11
22 135
22 143
22 138
22 123
22 33
22 87
22 67
22 150
22 115
22 96
22 4
22 112
22 47
22 65
22 13
22 88
22 51
99 96
99 79
99 104
99 70
99 4
99 47
99 117
99 127
99 23
99 20
99 98
99 136
99 135
99 140
99 13
99 87
99 138
99 55
99 33
99 146
99 84
99 28
99 67
99 110
99 111
99 61
99 115
99 107
99 106
99 65
99 63
99 17
99 52
99 91
99 37
99 5
99 76
99 77
99 141
99 118
99 69
99 10
99 101
99 41
99 51
99 88
99 72
99 139
99 75
99 68
99 57
99 45
99 80
99 11
99 73
96 88
96 67
96 66
96 13
96 138
96 75
96 65
96 52
96 61
96 51
96 87
96 37
96 133
96 134
96 20
96 143
96 148
96 120
96 123
96 110
96 80
96 112
96 69
96 150
96 11
96 104
96 73
96 77
96 111
96 145
96 33
96 91
96 79
96 76
96 47
96 28
96 23
96 63
96 101
96 128
96 17
96 98
96 135
96 59
96 70
96 45
96 102
96 41
96 48
96 147
96 15
96 43
96 117
96 14
96 10
96 141
96 118
88 47
88 101
88 63
88 75
88 104
88 15
88 13
88 55
88 33
88 127
88 52
88 23
88 28
88 105
88 57
88 79
88 106
88 17
88 19
88 11
88 113
88 51
88 102
88 100
88 110
88 76
88 145
88 112
88 14
88 140
88 61
88 117
88 115
88 20
88 138
88 27
88 70
88 45
88 68
88 80
88 147
88 136
88 118
88 37
88 21
88 65
47 33
47 5
47 105
47 127
47 75
47 138
47 102
47 100
47 77
47 28
47 87
47 21
47 106
47 43
47 4
47 145
47 143
47 10
47 72
47 150
47 113
47 80
47 76
47 110
47 51
47 141
47 134
47 17
47 68
47 67
47 69
47 120
47 123
47 14
47 41
47 59
47 101
47 128
47 70
47 136
47 73
47 52
47 18
47 55
47 79
47 111
47 84
47 91
47 13
47 8
47 115
33 136
33 41
33 77
33 107
33 18
33 118
33 43
33 20
33 120
33 138
33 106
33 147
33 110
33 111
33 27
33 91
33 72
33 61
33 148
33 21
33 66
33 73
33 17
33 133
33 117
33 51
33 101
33 123
33 100
33 143
33 4
33 112
33 13
33 139
33 140
33 102
33 80
33 84
33 8
33 69
33 98
33 141
33 128
33 75
33 79
33 105
33 14
33 59
33 70
33 134
33 65
136 48
136 8
136 27
136 148
136 127
136 150
136 68
136 110
136 107
136 21
136 65
136 84
136 55
136 87
136 112
136 117
136 11
136 67
136 146
136 106
136 115
136 52
136 128
136 98
136 111
136 140
136 143
136 80
136 14
136 51
136 61
136 135
136 73
136 100
136 75
136 91
136 45
136 43
136 19
136 139
136 120
136 28
136 20
136 147
136 41
136 15
136 141
136 145
136 5
136 70
136 77
136 76
136 79
48 123
48 80
48 14
48 55
48 143
48 106
48 134
48 69
48 77
48 63
48 107
48 67
48 102
48 41
48 59
48 128
48 57
48 100
48 115
48 10
48 120
48 146
48 79
48 111
48 65
48 20
48 17
48 21
48 73
48 27
48 23
48 91
48 37
48 150
48 127
48 139
48 141
48 76
48 84
48 5
48 112
48 15
48 19
48 13
48 43
48 118
48 61
48 110
123 110
123 80
123 91
123 148
123 111
123 147
123 8
123 19
123 67
123 21
123 146
123 84
123 69
123 55
123 133
123 11
123 45
123 41
123 17
123 57
123 20
123 68
123 23
123 141
123 10
123 117
123 52
123 128
123 120
123 87
123 140
123 104
123 77
123 61
123 105
123 66
123 27
123 134
123 112
123 72
123 65
123 98
123 101
123 150
123 143
123 37
123 63
123 43
123 113
123 5
123 59
123 107
110 138
110 43
110 69
110 143
110 65
110 128
110 106
110 84
110 105
110 23
110 51
110 28
110 146
110 80
110 63
110 147
110 87
110 79
110 113
110 75
110 134
110 115
110 101
110 112
110 140
110 76
110 10
110 19
110 8
110 68
110 37
110 135
110 61
110 118
110 57
110 55
110 139
110 150
110 18
110 17
110 41
110 67
110 73
110 133
110 27
110 45
110 102
110 21
110 107
138 15
138 115
138 8
138 98
138 41
138 27
138 100
138 68
138 57
138 13
138 18
138 67
138 23
138 10
138 112
138 14
138 87
138 106
138 4
138 21
138 101
138 43
138 80
138 55
138 51
138 120
138 91
138 28
138 70
138 146
138 118
138 5
138 140
138 65
138 66
138 63
138 84
138 143
138 19
138 111
138 135
138 107
138 117
138 134
138 141
138 102
138 76
138 104
138 61
138 127
15 45
15 77
15 80
15 141
15 113
15 117
15 104
15 59
15 18
15 43
15 147
15 10
15 41
15 37
15 139
15 68
15 79
15 11
15 73
15 105
15 69
15 4
15 101
15 87
15 65
15 127
15 140
15 66
15 106
15 100
15 61
15 150
15 128
15 57
15 19
15 17
15 52
15 72
15 13
15 107
15 135
15 76
15 51
15 133
15 20
15 27
15 145
15 98
15 118
15 21
15 67
15 112
15 134
15 111
45 41
45 139
45 98
45 19
45 106
45 91
45 145
45 73
45 84
45 102
45 76
45 66
45 80
45 17
45 65
45 72
45 135
45 20
45 147
45 68
45 133
45 141
45 10
45 148
45 13
45 69
45 18
45 117
45 8
45 57
45 11
45 70
45 140
45 143
45 128
45 113
45 79
45 101
45 77
45 105
45 75
45 43
45 104
45 52
45 111
45 63
45 120
45 118
45 51
45 127
41 63
41 70
41 100
41 115
41 77
41 21
41 13
41 43
41 55
41 52
41 120
41 75
41 37
41 112
41 51
41 133
41 20
41 61
41 11
41 10
41 147
41 87
41 98
41 139
41 150
41 73
41 8
41 28
41 80
41 148
41 18
41 23
41 65
41 76
41 4
41 113
41 67
41 111
41 27
41 127
41 17
41 145
41 66
41 79
41 104
41 107
41 5
41 105
41 117
41 143
63 76
63 27
63 134
63 19
63 148
63 10
63 11
63 5
63 143
63 37
63 57
63 135
63 101
63 112
63 98
63 128
63 69
63 51
63 111
63 72
63 91
63 70
63 28
63 105
63 52
63 43
63 4
63 147
63 118
63 79
63 61
63 66
63 115
63 104
63 75
63 18
63 133
63 59
63 106
63 14
63 150
63 73
63 80
63 100
63 127
76 19
76 11
76 51
76 4
76 80
76 70
76 61
76 91
76 127
76 101
76 140
76 118
76 143
76 135
76 111
76 28
76 17
76 68
76 141
76 21
76 87
76 14
76 57
76 100
76 146
76 5
76 148
76 72
76 27
76 55
76 112
76 139
76 77
76 133
76 113
76 134
76 65
76 20
76 147
76 66
76 98
76 13
76 128
76 104
76 52
76 102
19 5
19 104
19 87
19 10
19 80
19 147
19 8
19 11
19 51
19 20
19 102
19 79
19 111
19 72
19 127
19 27
19 107
19 65
19 57
19 115
19 91
19 141
19 66
19 112
19 52
19 120
19 118
19 14
19 68
19 73
19 128
19 148
19 43
19 101
19 18
19 98
19 67
19 77
19 28
19 135
19 59
19 100
19 150
19 23
19 69
19 4
19 105
19 84
19 106
19 143
19 145
19 61
5 65
5 17
5 147
5 77
5 51
5 117
5 70
5 23
5 98
5 75
5 68
5 59
5 66
5 148
5 111
5 101
5 113
5 115
5 79
5 135
5 127
5 100
5 134
5 8
5 27
5 72
5 102
5 43
5 120
5 145
5 20
5 107
5 139
5 11
5 61
5 141
5 150
5 69
5 55
5 104
5 4
5 143
5 91
5 14
65 115
65 133
65 139
65 10
65 91
65 100
65 52
65 80
65 21
65 87
65 17
65 117
65 27
65 69
65 61
65 111
65 55
65 112
65 73
65 4
65 102
65 68
65 67
65 72
65 14
65 28
65 141
65 20
65 11
65 79
65 37
65 59
65 135
65 66
65 77
65 70
65 75
65 57
65 128
65 148
65 145
65 43
65 143
65 101
65 147
65 51
115 134
115 139
115 73
115 87
115 51
115 148
115 104
115 68
115 102
115 21
115 100
115 107
115 141
115 59
115 10
115 143
115 127
115 147
115 23
115 101
115 17
115 111
115 13
115 84
115 61
115 113
115 118
115 105
115 66
115 20
115 77
115 4
115 72
115 11
115 43
115 70
115 18
115 28
115 14
115 150
115 146
115 69
115 80
115 135
115 128
115 98
134 66
134 8
134 104
134 73
134 27
134 17
134 14
134 55
134 127
134 77
134 13
134 107
134 113
134 145
134 91
134 59
134 23
134 52
134 37
134 11
134 112
134 128
134 80
134 101
134 43
134 4
134 133
134 57
134 102
134 51
134 105
134 118
134 139
134 84
134 10
134 21
134 100
134 67
134 18
134 61
134 141
134 87
134 70
134 69
66 68
66 91
66 101
66 135
66 13
66 18
66 84
66 55
66 20
66 28
66 52
66 150
66 112
66 98
66 105
66 75
66 148
66 143
66 102
66 67
66 127
66 133
66 111
66 120
66 37
66 21
66 117
66 79
66 27
66 51
66 80
66 4
66 140
66 128
66 59
66 11
66 17
66 57
66 113
66 118
66 61
66 106
68 21
68 59
68 106
68 57
68 100
68 139
68 135
68 20
68 14
68 145
68 43
68 104
68 73
68 61
68 10
68 148
68 147
68 102
68 118
68 91
68 113
68 27
68 72
68 87
68 107
68 37
68 75
68 13
68 101
68 128
68 23
68 150
68 140
68 28
68 70
68 4
68 84
68 52
68 146
68 69
68 141
68 133
68 11
21 70
21 37
21 117
21 67
21 147
21 98
21 140
21 84
21 141
21 100
21 111
21 52
21 4
21 101
21 28
21 91
21 14
21 43
21 128
21 23
21 72
21 145
21 113
21 75
21 8
21 87
21 59
21 127
21 143
21 79
21 80
21 139
21 135
21 51
21 18
21 118
21 105
21 146
21 77
21 104
21 112
21 69
21 107
21 150
21 73
21 57
21 27
21 55
21 120
21 133
21 17
70 141
70 146
70 4
70 57
70 139
70 118
70 14
70 102
70 77
70 105
70 43
70 28
70 148
70 135
70 73
70 107
70 37
70 23
70 13
70 133
70 84
70 87
70 111
70 127
70 67
70 143
70 104
70 18
70 147
70 117
70 8
70 75
70 52
70 128
70 120
70 91
70 55
70 113
70 140
70 101
141 127
141 27
141 57
141 20
141 14
141 139
141 107
141 17
141 111
141 8
141 133
141 52
141 79
141 146
141 102
141 84
141 91
141 28
141 143
141 150
141 135
141 112
141 43
141 75
141 59
141 23
141 113
141 104
141 148
141 37
141 140
141 77
141 101
141 145
141 118
141 18
141 67
141 117
141 72
141 87
127 91
127 77
127 117
127 18
127 52
127 146
127 84
127 143
127 87
127 10
127 150
127 79
127 11
127 105
127 128
127 69
127 80
127 73
127 148
127 72
127 75
127 113
127 120
127 107
127 145
127 104
127 23
127 111
127 102
127 67
127 59
127 13
127 43
127 98
127 14
127 112
127 27
127 37
127 55
127 20
127 101
127 140
127 118
91 11
91 102
91 18
91 75
91 140
91 100
91 57
91 59
91 113
91 37
91 98
91 14
91 118
91 84
91 55
91 107
91 23
91 105
91 52
91 17
91 148
91 145
91 139
91 43
91 77
91 79
91 128
91 13
91 87
91 80
91 106
91 135
91 150
91 120
91 67
91 10
91 133
91 20
91 72
91 146
91 28
91 8
11 107
11 101
11 52
11 73
11 23
11 106
11 43
11 117
11 20
11 77
11 27
11 55
11 118
11 143
11 98
11 59
11 135
11 51
11 10
11 57
11 150
11 79
11 113
11 17
11 120
11 133
11 18
11 67
11 128
11 147
11 61
11 100
11 4
11 28
11 13
11 87
11 104
11 105
11 139
11 14
11 146
107 148
107 80
107 4
107 147
107 28
107 100
107 98
107 112
107 128
107 8
107 18
107 117
107 14
107 77
107 145
107 27
107 133
107 57
107 43
107 87
107 72
107 105
107 140
107 67
107 150
107 51
107 101
107 84
107 13
107 79
107 102
107 69
148 77
148 55
148 28
148 146
148 113
148 67
148 128
148 10
148 139
148 72
148 84
148 118
148 8
148 27
148 145
148 80
148 69
148 120
148 73
148 52
148 51
148 147
148 135
148 117
148 17
148 37
148 23
148 150
148 14
148 98
148 111
148 101
148 140
148 57
148 143
148 13
148 105
148 79
148 104
148 112
148 133
148 20
148 43
77 43
77 98
77 27
77 23
77 10
77 104
77 67
77 20
77 117
77 100
77 75
77 120
77 80
77 13
77 145
77 28
77 37
77 52
77 87
77 111
77 57
77 139
77 118
77 17
77 18
77 150
77 105
77 112
77 113
77 14
77 55
77 143
77 102
77 4
77 133
77 101
77 69
43 140
43 57
43 13
43 73
43 20
43 79
43 84
43 101
43 51
43 118
43 105
43 112
43 143
43 117
43 8
43 59
43 18
43 133
43 37
43 28
43 4
43 80
43 147
43 10
43 145
43 139
43 52
43 27
43 17
43 14
43 69
43 146
43 104
43 98
43 72
43 150
140 4
140 73
140 87
140 112
140 133
140 20
140 118
140 75
140 8
140 104
140 72
140 57
140 113
140 17
140 98
140 111
140 18
140 28
140 55
140 27
140 117
140 146
140 10
140 106
140 67
140 80
140 128
140 143
140 100
140 14
140 23
140 120
140 37
140 102
140 61
140 150
140 101
140 84
4 135
4 104
4 59
4 69
4 118
4 79
4 105
4 147
4 146
4 80
4 37
4 67
4 145
4 117
4 13
4 61
4 143
4 150
4 23
4 51
4 120
4 102
4 18
4 52
4 73
4 28
4 87
4 17
4 20
4 111
4 27
4 98
4 10
4 101
4 112
4 128
4 57
4 75
135 8
135 20
135 101
135 14
135 147
135 18
135 104
135 120
135 72
135 133
135 69
135 55
135 67
135 111
135 113
135 150
135 61
135 23
135 112
135 128
135 106
135 51
135 37
135 73
135 52
135 80
135 105
135 28
135 100
135 102
8 52
8 146
8 75
8 104
8 100
8 20
8 17
8 69
8 145
8 13
8 72
8 98
8 139
8 80
8 101
8 51
8 133
8 23
8 147
8 28
8 87
8 10
8 106
8 113
8 112
8 67
8 143
8 57
8 18
8 118
8 102
8 105
8 55
8 150
8 79
52 128
52 117
52 55
52 51
52 87
52 20
52 143
52 23
52 27
52 133
52 102
52 59
52 37
52 13
52 147
52 69
52 80
52 118
52 150
52 57
52 100
52 105
52 101
52 72
52 98
52 14
52 84
52 113
52 145
52 146
52 139
52 75
52 112
52 104
128 84
128 79
128 80
128 133
128 147
128 112
128 106
128 59
128 18
128 55
128 72
128 75
128 104
128 120
128 57
128 113
128 145
128 111
128 13
128 146
128 102
128 100
128 69
128 101
128 118
128 37
128 143
128 10
84 106
84 147
84 150
84 73
84 57
84 59
84 146
84 117
84 72
84 10
84 14
84 98
84 118
84 79
84 80
84 111
84 143
84 51
84 23
84 102
84 87
84 61
84 55
84 113
84 105
84 27
84 112
84 28
84 20
84 17
84 120
84 104
84 139
106 51
106 79
106 57
106 67
106 14
106 61
106 80
106 23
106 150
106 133
106 104
106 105
106 17
106 18
106 101
106 118
106 100
106 27
106 139
106 112
106 113
106 87
106 73
106 117
106 59
106 72
106 120
106 102
106 111
106 13
106 28
106 55
106 10
106 20
106 75
106 98
51 104
51 105
51 100
51 61
51 20
51 67
51 146
51 102
51 112
51 79
51 133
51 145
51 87
51 69
51 101
51 111
51 10
51 37
51 118
51 18
51 150
51 28
51 73
51 72
51 98
104 17
104 13
104 150
104 72
104 145
104 73
104 105
104 18
104 10
104 61
104 57
104 133
104 59
104 23
104 112
104 120
104 143
104 146
104 113
104 101
104 80
104 55
104 111
104 102
104 118
104 79
104 37
104 69
104 117
17 10
17 80
17 13
17 102
17 75
17 150
17 147
17 20
17 28
17 69
17 14
17 79
17 61
17 143
17 18
17 100
17 55
17 73
17 146
17 72
17 87
17 120
17 101
17 57
10 75
10 79
10 57
10 146
10 143
10 102
10 100
10 112
10 73
10 59
10 69
10 139
10 27
10 105
10 23
10 20
10 117
10 18
10 150
10 13
10 80
10 67
10 147
10 55
10 87
75 111
75 98
75 79
75 57
75 61
75 113
75 69
75 20
75 100
75 145
75 139
75 133
75 27
75 73
75 59
75 55
75 67
75 143
75 117
75 72
75 101
75 112
75 28
75 146
75 118
75 18
75 13
111 80
111 143
111 105
111 87
111 118
111 145
111 112
111 113
111 133
111 102
111 67
111 100
111 37
111 18
111 23
111 150
111 146
111 57
111 61
111 72
111 120
111 59
111 14
80 145
80 146
80 102
80 98
80 101
80 27
80 14
80 117
80 79
80 143
80 59
80 139
80 13
80 150
80 23
80 105
80 118
80 72
80 112
80 87
145 150
145 102
145 13
145 73
145 87
145 27
145 69
145 120
145 143
145 118
145 55
145 61
145 133
145 37
145 72
145 20
145 139
145 59
145 18
145 113
145 100
145 98
145 57
145 147
145 67
145 146
150 69
150 57
150 20
150 112
150 27
150 139
150 14
150 147
150 118
150 79
150 133
150 61
150 55
150 100
150 37
150 102
150 23
150 72
150 18
150 117
150 101
150 13
69 100
69 72
69 98
69 105
69 87
69 146
69 102
69 147
69 117
69 120
69 55
69 61
69 59
69 112
69 79
69 143
69 118
69 113
69 139
69 18
69 57
100 112
100 98
100 20
100 87
100 37
100 57
100 61
100 147
100 23
100 102
100 72
100 143
100 117
100 55
100 18
100 101
100 133
100 139
100 146
100 120
112 118
112 120
112 23
112 117
112 67
112 59
112 28
112 147
112 98
112 139
112 73
112 105
112 101
112 27
112 143
112 55
112 133
112 146
112 13
118 14
118 20
118 139
118 146
118 79
118 98
118 73
118 18
118 55
118 61
118 59
118 120
118 57
118 37
118 13
118 102
118 147
14 55
14 133
14 105
14 102
14 57
14 143
14 146
14 18
14 113
14 117
14 28
14 27
14 23
14 147
14 59
14 87
14 98
14 72
14 61
55 105
55 117
55 113
55 20
55 18
55 73
55 139
55 143
55 28
55 120
55 133
55 72
55 61
55 147
55 37
55 79
55 59
55 87
55 23
105 27
105 72
105 133
105 28
105 98
105 20
105 147
105 87
105 113
105 67
105 139
105 102
105 79
105 57
105 61
105 13
105 73
105 146
27 101
27 139
27 13
27 37
27 72
27 59
27 79
27 23
27 28
27 133
27 146
27 120
27 143
27 98
27 73
27 87
27 57
101 13
101 117
101 18
101 146
101 57
101 87
101 147
101 23
101 102
101 79
101 67
101 20
101 59
101 143
101 133
13 67
13 73
13 57
13 147
13 143
13 59
13 72
13 28
13 102
13 61
13 117
13 23
13 146
13 133
13 37
13 20
67 147
67 113
67 139
67 79
67 120
67 59
67 28
67 87
67 37
67 23
67 18
67 117
67 102
67 72
67 143
67 146
67 73
67 98
147 20
147 59
147 73
147 37
147 79
147 120
147 28
147 87
147 72
147 98
147 18
147 143
147 146
20 143
20 18
20 87
20 113
20 57
20 61
20 139
20 23
20 73
20 146
20 79
20 59
20 133
20 117
20 120
143 146
143 18
143 59
143 57
143 139
143 102
143 117
143 87
143 98
143 37
143 113
143 133
143 72
146 18
146 102
146 117
146 73
146 57
146 133
146 87
146 113
146 120
146 37
146 139
146 59
146 72
146 61
18 133
18 117
18 139
18 28
18 23
18 87
18 120
18 72
18 73
18 113
18 61
18 59
18 79
18 98
133 37
133 102
133 117
133 28
133 113
133 98
133 120
133 57
133 61
133 23
37 73
37 23
37 102
37 61
37 87
37 120
37 139
37 28
37 72
37 117
37 59
37 79
73 117
73 23
73 87
73 139
73 113
73 57
73 120
73 102
73 28
73 98
117 98
117 57
117 113
117 87
117 120
117 79
117 61
117 102
117 28
117 23
117 139
98 72
98 28
98 79
98 61
98 87
98 57
98 102
98 23
98 120
98 139
72 113
72 102
72 59
72 120
72 139
72 28
72 79
72 61
113 61
113 87
113 23
113 79
113 28
113 139
61 23
61 120
61 79
61 87
61 102
23 139
23 102
23 87
23 120
139 57
139 79
139 87
139 102
139 120
57 120
57 28
57 102
120 79
120 59
120 28
120 87
120 102
79 102
79 28
79 59
102 28
102 59
102 87
28 59
28 87
59 87
