36 49
36 35
36 24
36 2
36 8
36 7
36 33
36 46
36 14
36 50
36 54
36 17
36 30
36 3
36 15
36 68
36 25
36 29
36 31
36 56
36 62
36 41
36 66
36 60
36 40
36 59
36 57
36 39
36 58
36 23
36 37
36 22
36 44
36 43
36 42
36 26
36 27
36 19
36 6
36 11
36 47
36 13
36 28
36 63
36 10
36 69
36 38
36 51
36 67
36 64
35 9
35 52
35 6
35 50
35 11
35 45
35 62
35 58
35 40
35 37
35 31
35 14
35 7
35 57
35 22
35 48
35 15
35 27
35 13
35 2
35 69
35 47
35 42
35 44
35 34
35 60
35 38
35 66
35 4
35 12
35 19
35 21
35 63
35 59
35 68
35 8
35 55
35 54
35 51
35 56
35 39
35 29
35 32
35 65
35 64
35 43
35 26
9 14
9 7
9 8
9 70
9 47
9 54
9 42
9 10
9 4
9 13
9 17
9 63
9 65
9 34
9 68
9 45
9 48
9 6
9 25
9 37
9 28
9 32
9 59
9 39
9 62
9 61
9 21
9 66
9 51
9 55
9 46
9 30
9 12
9 69
9 41
9 11
9 29
9 22
9 56
9 50
9 16
9 18
9 60
9 31
9 15
9 2
9 27
9 38
9 52
9 3
9 1
9 26
9 67
14 39
14 1
14 28
14 31
14 5
14 48
14 41
14 70
14 61
14 56
14 59
14 3
14 45
14 20
14 16
14 38
14 33
14 51
14 53
14 68
14 54
14 57
14 66
14 37
14 8
14 32
14 55
14 19
14 26
14 65
14 25
14 6
14 17
14 47
14 67
14 52
14 30
14 43
14 15
14 40
14 64
14 63
14 60
14 46
14 27
14 29
14 23
39 34
39 62
39 59
39 47
39 65
39 55
39 29
39 13
39 3
39 49
39 66
39 27
39 24
39 1
39 45
39 57
39 31
39 48
39 21
39 56
39 2
39 8
39 7
39 69
39 42
39 17
39 50
39 20
39 52
39 37
39 12
39 58
39 67
39 5
39 68
39 22
39 70
39 32
39 23
39 61
39 26
39 10
34 30
34 46
34 50
34 3
34 19
34 24
34 10
34 11
34 54
34 58
34 55
34 7
34 22
34 1
34 29
34 64
34 68
34 31
34 13
34 8
34 62
34 21
34 69
34 17
34 41
34 12
34 15
34 48
34 56
34 42
34 44
34 32
34 23
34 40
34 28
34 25
34 4
34 51
34 16
34 49
34 63
34 43
34 45
34 26
34 2
34 57
34 27
30 29
30 27
30 4
30 63
30 67
30 68
30 64
30 37
30 43
30 6
30 49
30 52
30 55
30 1
30 46
30 41
30 51
30 16
30 44
30 25
30 19
30 45
30 61
30 60
30 56
30 3
30 21
30 70
30 2
30 38
30 53
30 13
30 58
30 12
30 22
30 69
30 5
30 54
30 59
30 65
30 7
30 40
30 15
30 20
30 33
30 11
30 17
30 28
29 10
29 38
29 12
29 17
29 24
29 57
29 70
29 40
29 7
29 58
29 55
29 8
29 46
29 48
29 65
29 37
29 59
29 31
29 68
29 50
29 16
29 15
29 64
29 66
29 32
29 21
29 6
29 69
29 19
29 5
29 56
29 22
29 53
29 13
29 27
29 43
29 1
29 33
29 44
29 2
29 23
29 20
29 62
29 47
29 61
29 45
29 25
29 63
29 41
10 23
10 28
10 17
10 65
10 3
10 33
10 16
10 18
10 6
10 41
10 63
10 45
10 50
10 38
10 20
10 44
10 21
10 47
10 26
10 60
10 70
10 64
10 57
10 62
10 53
10 5
10 31
10 54
10 55
10 49
10 40
10 19
10 37
10 56
10 7
10 25
10 68
10 61
10 24
10 52
10 12
23 5
23 63
23 41
23 28
23 57
23 51
23 46
23 21
23 61
23 45
23 70
23 26
23 49
23 32
23 53
23 18
23 12
23 22
23 65
23 11
23 52
23 17
23 42
23 16
23 68
23 44
23 3
23 15
23 37
23 64
23 13
23 38
23 7
23 56
23 54
23 33
23 25
23 2
23 8
23 27
23 1
23 43
23 66
23 6
23 55
23 62
23 69
23 48
5 21
5 56
5 32
5 26
5 11
5 55
5 24
5 66
5 40
5 68
5 16
5 12
5 61
5 43
5 25
5 4
5 70
5 58
5 45
5 1
5 37
5 60
5 3
5 33
5 50
5 17
5 13
5 46
5 64
5 62
5 8
5 49
5 67
5 18
5 47
5 7
5 22
5 31
21 53
21 24
21 55
21 45
21 48
21 25
21 58
21 70
21 11
21 19
21 44
21 32
21 15
21 12
21 67
21 31
21 50
21 1
21 26
21 16
21 56
21 57
21 46
21 3
21 68
21 51
21 40
21 43
21 18
21 22
21 64
21 52
21 33
21 13
21 62
21 42
21 38
21 27
21 6
21 61
21 37
21 17
21 7
53 24
53 8
53 61
53 7
53 22
53 51
53 1
53 26
53 2
53 56
53 52
53 63
53 20
53 59
53 55
53 37
53 70
53 48
53 38
53 62
53 15
53 19
53 47
53 41
53 69
53 64
53 6
53 4
53 58
53 57
53 31
53 68
53 17
53 18
53 27
53 33
24 66
24 43
24 45
24 44
24 59
24 40
24 6
24 64
24 28
24 56
24 16
24 62
24 15
24 69
24 46
24 57
24 41
24 65
24 22
24 37
24 63
24 3
24 17
24 49
24 12
24 19
24 33
24 38
24 8
24 20
24 51
24 70
24 18
24 27
24 13
24 7
66 13
66 42
66 69
66 55
66 49
66 15
66 48
66 61
66 44
66 8
66 51
66 20
66 63
66 26
66 43
66 50
66 1
66 40
66 25
66 38
66 3
66 60
66 4
66 65
66 67
66 28
66 59
66 57
66 37
66 70
66 6
66 33
66 58
66 18
66 62
13 42
13 3
13 50
13 25
13 20
13 55
13 60
13 7
13 26
13 57
13 1
13 45
13 64
13 2
13 6
13 49
13 31
13 59
13 4
13 52
13 19
13 58
13 38
13 62
13 63
13 46
13 17
13 12
13 18
13 8
13 37
13 27
13 15
13 33
13 11
13 54
42 51
42 18
42 32
42 11
42 31
42 44
42 49
42 22
42 37
42 38
42 16
42 33
42 28
42 25
42 47
42 12
42 45
42 54
42 1
42 62
42 56
42 57
42 67
42 55
42 61
42 4
42 68
42 19
42 7
42 65
42 70
42 58
42 69
42 41
42 40
42 8
42 27
42 64
42 63
42 43
42 17
51 12
51 60
51 15
51 58
51 40
51 41
51 6
51 7
51 33
51 49
51 52
51 2
51 56
51 8
51 50
51 11
51 44
51 64
51 65
51 47
51 45
51 68
51 1
51 19
51 38
51 57
51 67
51 62
51 46
51 31
51 22
51 16
51 3
51 59
51 37
51 63
51 32
51 18
12 8
12 16
12 69
12 56
12 17
12 28
12 59
12 70
12 33
12 67
12 65
12 15
12 3
12 60
12 32
12 54
12 55
12 61
12 68
12 47
12 45
12 18
12 49
12 26
12 41
12 7
12 40
12 48
12 20
12 43
12 31
12 50
12 44
12 19
12 63
12 25
12 37
12 62
12 58
12 57
12 64
12 22
8 18
8 26
8 65
8 59
8 50
8 48
8 60
8 40
8 22
8 17
8 2
8 47
8 69
8 6
8 3
8 15
8 43
8 28
8 7
8 68
8 61
8 25
8 63
8 55
8 20
8 37
8 58
8 38
8 32
8 1
8 31
8 45
18 11
18 22
18 28
18 32
18 58
18 63
18 68
18 43
18 57
18 65
18 6
18 67
18 64
18 25
18 15
18 62
18 54
18 48
18 27
18 50
18 19
18 3
18 26
18 46
18 16
18 69
18 45
18 52
18 40
18 2
18 17
18 55
18 7
18 1
18 44
18 59
18 61
18 49
18 20
11 37
11 65
11 61
11 27
11 17
11 3
11 45
11 50
11 57
11 15
11 63
11 70
11 20
11 56
11 46
11 68
11 26
11 67
11 62
11 54
11 64
11 38
11 58
11 31
11 16
11 41
11 7
11 22
11 33
11 43
37 20
37 55
37 56
37 61
37 57
37 52
37 17
37 48
37 4
37 45
37 70
37 47
37 25
37 64
37 33
37 38
37 31
37 3
37 58
37 59
37 15
37 69
37 54
37 50
37 65
37 22
37 6
37 41
37 32
37 7
37 40
37 68
37 46
37 63
37 60
37 2
20 32
20 64
20 48
20 46
20 17
20 49
20 25
20 56
20 44
20 55
20 41
20 70
20 1
20 27
20 7
20 45
20 47
20 54
20 65
20 61
20 69
20 16
20 33
20 57
20 58
20 22
20 4
20 63
20 59
20 26
20 38
20 43
32 6
32 48
32 55
32 67
32 17
32 68
32 15
32 58
32 49
32 22
32 28
32 70
32 61
32 27
32 3
32 31
32 1
32 65
32 52
32 41
32 64
32 50
32 63
32 45
32 56
32 60
6 16
6 43
6 60
6 59
6 46
6 47
6 68
6 4
6 28
6 69
6 54
6 56
6 40
6 57
6 64
6 31
6 63
6 67
6 17
6 1
6 61
6 70
6 65
6 15
6 41
6 19
6 27
6 7
6 58
6 22
6 38
6 25
16 33
16 47
16 69
16 41
16 57
16 1
16 50
16 62
16 4
16 40
16 3
16 49
16 65
16 59
16 27
16 55
16 46
16 48
16 31
16 70
16 56
16 63
16 60
16 2
16 26
16 58
16 64
16 38
16 25
33 60
33 68
33 44
33 17
33 27
33 57
33 40
33 62
33 61
33 58
33 28
33 50
33 31
33 63
33 52
33 41
33 19
33 4
33 26
33 15
33 46
33 65
33 64
33 2
33 43
60 44
60 25
60 2
60 57
60 62
60 69
60 4
60 40
60 1
60 65
60 47
60 63
60 27
60 45
60 31
60 15
60 55
60 38
60 68
60 67
60 61
60 46
60 3
60 41
60 28
60 70
60 50
60 19
60 7
44 31
44 62
44 63
44 22
44 65
44 50
44 46
44 69
44 26
44 38
44 41
44 45
44 28
44 68
44 17
44 25
44 19
44 52
44 4
44 7
44 55
44 61
44 2
31 54
31 2
31 59
31 3
31 4
31 47
31 55
31 38
31 41
31 67
31 61
31 15
31 64
31 69
31 65
31 63
31 70
31 49
31 56
31 7
31 19
31 46
31 17
31 26
31 68
31 52
31 25
31 50
31 43
31 58
31 45
31 1
54 15
54 7
54 57
54 28
54 25
54 59
54 2
54 64
54 63
54 65
54 22
54 49
54 38
54 70
54 52
54 46
54 17
54 47
54 62
54 45
54 48
54 43
54 58
54 3
54 50
54 69
54 27
15 56
15 62
15 70
15 40
15 47
15 65
15 41
15 25
15 17
15 2
15 45
15 57
15 19
15 3
15 7
15 58
15 68
15 4
15 52
15 50
15 61
15 63
15 55
15 48
15 27
56 46
56 67
56 1
56 57
56 58
56 68
56 62
56 55
56 52
56 28
56 50
56 70
56 22
56 38
56 47
56 40
56 4
56 63
56 19
56 64
56 7
56 25
56 65
56 43
56 61
56 26
56 3
46 22
46 63
46 45
46 38
46 67
46 17
46 58
46 41
46 50
46 2
46 26
46 19
46 40
46 59
46 4
46 70
46 69
46 43
46 47
46 25
46 49
46 7
46 27
46 28
22 47
22 49
22 1
22 17
22 70
22 55
22 69
22 3
22 63
22 4
22 45
22 25
22 67
22 43
22 64
22 38
22 65
22 68
22 58
22 7
22 62
22 28
22 26
22 2
47 61
47 41
47 4
47 55
47 57
47 50
47 69
47 58
47 62
47 59
47 67
47 49
47 3
47 68
47 27
47 52
47 38
47 2
47 7
47 26
47 64
47 28
47 19
47 17
61 2
61 25
61 57
61 45
61 64
61 28
61 49
61 63
61 19
61 65
61 67
61 70
61 68
61 17
61 40
61 38
61 1
61 27
61 62
61 3
61 55
2 58
2 62
2 69
2 59
2 64
2 27
2 7
2 1
2 68
2 3
2 25
2 67
2 19
2 49
2 41
2 70
2 55
2 65
2 38
2 40
2 26
58 55
58 40
58 57
58 49
58 45
58 43
58 7
58 63
58 27
58 4
58 41
58 48
58 65
58 62
58 69
58 38
58 52
58 68
58 25
58 1
58 64
55 64
55 52
55 40
55 19
55 41
55 3
55 7
55 65
55 43
55 67
55 70
55 50
55 1
55 28
55 48
55 57
55 26
55 63
55 45
55 59
55 62
55 27
64 19
64 3
64 65
64 63
64 4
64 67
64 48
64 40
64 7
64 50
64 1
64 26
64 69
64 62
64 41
64 52
64 59
19 43
19 57
19 41
19 52
19 27
19 26
19 67
19 69
19 70
19 28
19 63
19 1
19 59
19 4
19 50
19 45
19 68
19 62
43 27
43 69
43 59
43 49
43 70
43 41
43 17
43 1
43 45
43 50
43 38
43 62
43 65
43 25
43 57
43 3
43 40
43 67
43 63
27 17
27 63
27 62
27 59
27 65
27 50
27 38
27 68
27 67
27 26
27 41
27 28
27 1
27 45
27 69
27 25
27 3
27 70
27 48
27 52
17 62
17 63
17 69
17 25
17 49
17 28
17 59
17 26
17 38
17 57
17 3
17 52
17 67
17 50
62 38
62 7
62 25
62 26
62 63
62 67
62 49
62 3
62 40
62 69
62 4
62 48
62 1
62 65
62 57
38 59
38 65
38 3
38 4
38 68
38 45
38 63
38 1
38 70
38 48
38 25
38 69
59 52
59 68
59 69
59 26
59 65
59 3
59 63
59 48
59 7
59 41
59 70
59 50
59 45
59 25
59 67
59 1
59 57
59 28
59 40
52 45
52 70
52 26
52 57
52 25
52 1
52 28
52 41
52 3
52 40
52 65
52 69
52 49
52 48
52 50
52 68
45 70
45 67
45 26
45 63
45 3
45 49
45 69
45 40
45 28
45 68
45 7
45 1
70 69
70 68
70 63
70 1
70 40
70 7
70 65
70 67
70 48
70 50
70 28
69 3
69 57
69 48
69 40
69 41
69 1
69 65
69 63
69 4
69 28
69 7
69 49
69 26
3 25
3 26
3 40
3 7
3 68
3 28
3 63
3 1
3 65
3 57
3 49
3 41
3 67
3 50
3 4
25 7
25 57
25 67
25 50
25 65
25 63
25 49
7 63
7 1
7 50
7 65
7 4
7 68
7 40
7 28
7 48
63 57
63 48
63 4
63 50
63 65
63 26
63 68
63 40
63 1
63 49
63 67
63 28
57 68
57 40
57 50
57 65
57 41
57 26
57 4
57 48
57 28
57 49
57 1
68 48
68 28
68 1
68 4
68 50
68 49
68 65
68 67
68 40
68 41
48 40
48 28
48 50
48 4
48 65
48 67
48 49
48 41
48 26
40 50
40 28
40 1
40 41
40 65
40 67
40 49
40 4
50 65
50 28
50 26
50 1
50 41
50 49
50 67
65 1
65 28
65 67
65 49
65 26
1 26
1 67
1 49
1 28
1 4
26 41
26 49
26 67
26 4
41 67
41 49
41 28
67 4
67 49
4 28
4 49
28 49
