6 32
6 15
6 37
6 39
6 30
6 20
6 19
6 9
6 22
6 17
6 4
6 31
6 3
6 5
6 35
6 36
6 12
6 34
6 11
6 24
6 18
6 27
6 25
6 8
15 2
15 27
15 40
15 31
15 5
15 11
15 30
15 36
15 1
15 35
15 4
15 13
15 29
15 28
15 38
15 32
15 26
15 23
15 14
15 39
15 9
15 34
15 3
15 8
15 25
15 18
15 17
15 12
15 21
15 7
15 22
15 20
15 10
2 25
2 5
2 14
2 18
2 33
2 34
2 22
2 35
2 20
2 19
2 38
2 39
2 32
2 26
2 16
2 21
2 12
2 10
2 37
2 9
2 28
2 3
2 1
2 13
2 29
2 31
2 30
25 36
25 17
25 33
25 22
25 40
25 26
25 1
25 19
25 30
25 11
25 5
25 12
25 16
25 23
25 35
25 9
25 27
25 37
25 21
25 34
25 39
25 10
25 32
36 8
36 18
36 3
36 10
36 31
36 19
36 16
36 22
36 35
36 21
36 5
36 29
36 30
36 23
36 34
36 14
36 39
36 40
36 17
36 1
36 11
36 9
36 27
36 32
36 7
8 26
8 11
8 10
8 29
8 34
8 30
8 31
8 21
8 16
8 20
8 3
8 19
8 40
8 4
8 37
8 1
8 5
8 24
8 28
8 7
8 38
26 35
26 1
26 23
26 11
26 24
26 40
26 12
26 3
26 22
26 16
26 18
26 39
26 9
26 7
26 19
26 29
26 34
26 31
26 4
26 32
26 17
26 38
26 30
26 33
26 20
26 10
26 28
26 21
35 21
35 17
35 27
35 24
35 32
35 19
35 22
35 20
35 11
35 12
35 9
35 33
35 34
35 1
35 3
35 7
35 18
35 28
35 16
35 13
35 40
35 37
35 31
35 39
21 9
21 12
21 11
21 5
21 27
21 40
21 28
21 37
21 14
21 29
21 24
21 20
21 10
21 17
21 31
21 3
21 39
21 1
21 13
21 16
21 32
21 18
21 23
9 14
9 5
9 16
9 31
9 19
9 40
9 3
9 10
9 33
9 23
9 22
9 32
9 29
9 20
9 28
9 13
9 7
9 39
9 1
9 17
9 38
9 27
9 34
9 24
14 33
14 18
14 1
14 12
14 37
14 10
14 39
14 20
14 24
14 17
14 38
14 27
14 23
14 32
14 22
14 19
14 16
14 13
14 40
14 34
14 7
14 3
14 11
33 23
33 11
33 16
33 18
33 4
33 20
33 34
33 39
33 31
33 13
33 40
33 12
33 27
33 7
33 38
33 32
23 7
23 34
23 16
23 5
23 32
23 1
23 40
23 27
23 22
23 28
23 10
23 29
23 17
23 18
23 19
23 39
23 24
23 3
23 31
23 38
23 30
23 13
7 28
7 19
7 16
7 38
7 29
7 24
7 32
7 4
7 13
7 10
7 5
7 39
7 34
7 11
7 20
7 12
7 17
28 19
28 34
28 24
28 37
28 10
28 3
28 22
28 11
28 39
28 20
28 31
28 29
28 38
28 12
28 30
19 3
19 30
19 27
19 4
19 11
19 18
19 31
19 34
19 39
19 5
19 29
19 38
19 22
19 32
19 10
19 1
3 38
3 4
3 29
3 30
3 22
3 18
3 24
3 12
3 11
3 16
3 20
3 39
3 10
38 1
38 29
38 34
38 27
38 37
38 40
38 16
38 22
38 4
38 11
38 5
38 18
38 12
38 24
38 13
38 20
38 32
38 10
38 31
38 39
1 17
1 20
1 10
1 11
1 34
1 5
1 24
1 37
1 31
1 16
1 39
1 30
1 4
17 24
17 34
17 31
17 12
17 30
17 13
17 4
17 18
17 16
17 39
24 5
24 31
24 20
24 22
24 11
24 32
24 30
24 16
24 40
24 12
24 10
24 34
5 40
5 16
5 22
5 10
5 13
5 29
5 20
5 27
5 4
5 31
5 11
5 37
5 12
5 39
40 13
40 31
40 34
40 27
40 30
40 12
40 4
40 16
40 11
40 37
40 39
40 18
13 11
13 31
13 29
13 34
13 4
13 32
13 16
13 39
13 18
13 10
13 37
13 30
13 27
11 37
11 31
11 16
11 4
11 29
11 18
11 30
11 12
11 22
11 20
11 39
11 27
37 22
37 18
37 20
37 30
37 10
37 39
37 27
37 32
37 4
37 31
22 4
22 16
22 39
22 34
22 30
22 20
22 31
22 10
22 12
22 18
4 29
4 10
4 39
4 16
4 32
4 30
4 34
4 27
4 18
29 16
29 31
29 27
29 12
29 18
29 39
29 32
29 34
29 10
29 30
29 20
16 31
16 34
16 10
16 20
16 12
16 30
31 12
31 20
31 27
31 18
31 34
31 32
31 39
12 27
12 18
12 39
12 10
12 32
12 34
27 20
27 32
27 18
27 39
27 34
20 39
20 30
20 32
20 10
39 10
39 18
39 32
39 30
39 34
10 34
10 32
10 30
34 30
34 18
30 18
30 32
18 32
