106 108
106 87
106 9
106 38
106 23
106 89
106 71
106 110
106 39
106 11
106 81
106 34
106 66
106 27
106 6
106 59
106 20
106 92
106 109
106 84
106 13
106 31
106 82
106 86
106 21
106 70
106 74
106 107
106 96
106 101
106 2
106 76
106 103
106 49
106 28
106 33
106 29
106 80
106 47
106 22
106 55
106 100
106 35
106 10
106 54
106 63
106 85
106 102
106 18
106 1
106 24
106 53
106 65
106 57
106 67
106 30
106 90
106 40
106 43
106 14
106 19
106 8
106 17
106 60
106 77
106 3
106 94
106 4
106 46
106 61
106 78
106 95
106 79
106 26
106 56
106 98
106 15
106 37
106 93
106 41
87 68
87 15
87 31
87 63
87 103
87 108
87 41
87 16
87 54
87 75
87 84
87 30
87 69
87 94
87 37
87 32
87 85
87 40
87 4
87 24
87 79
87 73
87 96
87 11
87 58
87 12
87 33
87 81
87 53
87 6
87 66
87 98
87 97
87 82
87 43
87 29
87 27
87 1
87 56
87 77
87 19
87 92
87 100
87 64
87 18
87 72
87 22
87 52
87 109
87 47
87 9
87 62
87 38
87 48
87 83
87 93
87 34
87 7
87 39
87 26
87 28
87 3
87 95
87 71
87 51
87 80
87 107
87 49
87 50
87 45
87 14
87 78
87 46
87 86
87 76
68 28
68 6
68 89
68 47
68 102
68 40
68 14
68 109
68 13
68 70
68 71
68 19
68 39
68 56
68 3
68 83
68 20
68 1
68 12
68 9
68 57
68 69
68 35
68 15
68 60
68 91
68 107
68 76
68 65
68 50
68 4
68 16
68 43
68 88
68 99
68 104
68 98
68 101
68 73
68 77
68 17
68 80
68 25
68 34
68 86
68 81
68 10
68 51
68 59
68 46
68 79
68 67
68 22
68 29
68 18
68 5
68 52
68 26
68 61
68 54
68 92
68 41
68 53
68 74
68 48
68 108
68 27
68 82
68 2
68 64
68 58
68 63
68 45
68 55
68 30
28 47
28 22
28 51
28 88
28 86
28 107
28 13
28 20
28 72
28 32
28 73
28 40
28 23
28 53
28 61
28 94
28 76
28 100
28 80
28 6
28 75
28 96
28 77
28 92
28 45
28 27
28 34
28 93
28 7
28 104
28 38
28 99
28 30
28 81
28 56
28 83
28 33
28 11
28 59
28 109
28 41
28 66
28 102
28 65
28 84
28 15
28 79
28 54
28 2
28 52
28 50
28 21
28 67
28 103
28 70
28 60
28 16
28 18
28 48
28 19
28 4
28 91
28 98
28 85
28 110
28 42
28 12
47 2
47 98
47 86
47 102
47 75
47 1
47 10
47 46
47 103
47 35
47 39
47 76
47 22
47 61
47 80
47 63
47 91
47 60
47 79
47 48
47 51
47 97
47 20
47 58
47 36
47 85
47 73
47 101
47 88
47 13
47 110
47 3
47 21
47 96
47 65
47 14
47 17
47 9
47 19
47 69
47 71
47 12
47 89
47 104
47 83
47 49
47 32
47 109
47 84
47 40
47 67
47 56
47 59
47 64
47 54
47 42
47 82
47 52
47 24
47 18
47 99
47 8
47 74
47 5
47 95
47 27
47 107
47 57
47 34
47 31
47 26
47 45
47 70
47 94
47 30
47 43
2 94
2 46
2 78
2 9
2 7
2 88
2 17
2 58
2 31
2 62
2 30
2 107
2 60
2 67
2 85
2 40
2 83
2 26
2 103
2 34
2 36
2 44
2 70
2 80
2 84
2 29
2 13
2 66
2 99
2 4
2 5
2 82
2 89
2 74
2 92
2 72
2 81
2 54
2 12
2 71
2 14
2 97
2 65
2 1
2 75
2 6
2 8
2 102
2 27
2 20
2 41
2 32
2 105
2 90
2 45
2 98
2 33
2 55
2 73
2 96
2 21
2 51
2 42
2 59
2 109
2 53
2 104
2 77
2 50
2 22
2 16
2 35
2 100
2 93
2 86
2 39
2 63
2 101
2 3
2 108
2 10
2 61
2 18
2 23
2 110
2 37
2 49
2 48
2 19
2 69
2 15
2 43
94 103
94 110
94 27
94 23
94 100
94 45
94 14
94 10
94 8
94 58
94 60
94 102
94 3
94 24
94 29
94 15
94 25
94 70
94 52
94 22
94 57
94 55
94 50
94 26
94 31
94 64
94 36
94 4
94 77
94 63
94 79
94 46
94 96
94 16
94 9
94 17
94 33
94 104
94 59
94 67
94 54
94 43
94 109
94 95
94 73
94 51
94 12
94 75
94 92
94 5
94 80
94 99
94 89
94 61
94 107
94 38
94 86
94 41
94 78
94 49
94 72
94 74
94 39
94 35
94 69
94 85
94 20
103 9
103 32
103 55
103 10
103 50
103 45
103 71
103 57
103 16
103 22
103 75
103 97
103 19
103 52
103 25
103 100
103 11
103 18
103 92
103 24
103 27
103 96
103 105
103 42
103 51
103 85
103 37
103 5
103 102
103 72
103 63
103 58
103 40
103 82
103 84
103 41
103 26
103 38
103 6
103 73
103 34
103 49
103 67
103 101
103 13
103 46
103 88
103 12
103 77
103 93
103 104
103 43
103 109
103 95
103 54
103 36
103 107
103 110
103 70
103 33
103 31
103 99
103 79
103 98
103 60
103 69
103 15
103 90
103 91
103 53
103 17
103 65
103 3
103 8
103 78
103 81
103 29
103 62
103 35
103 39
103 30
103 44
103 61
103 108
9 60
9 100
9 55
9 75
9 76
9 86
9 39
9 17
9 22
9 64
9 23
9 67
9 54
9 26
9 74
9 81
9 1
9 6
9 70
9 95
9 61
9 69
9 44
9 73
9 91
9 4
9 20
9 16
9 109
9 31
9 12
9 93
9 53
9 29
9 24
9 41
9 58
9 48
9 59
9 108
9 32
9 35
9 72
9 66
9 42
9 71
9 50
9 19
9 36
9 30
9 62
9 105
9 18
9 97
9 7
9 34
9 21
9 102
9 52
9 63
9 79
9 37
9 83
9 25
9 51
9 27
9 33
9 82
9 90
9 107
9 92
9 99
9 5
9 46
9 104
9 45
9 77
9 98
9 3
40 23
40 39
40 16
40 17
40 73
40 101
40 55
40 57
40 34
40 61
40 82
40 92
40 13
40 20
40 79
40 11
40 100
40 22
40 104
40 21
40 50
40 59
40 29
40 12
40 1
40 72
40 5
40 75
40 26
40 78
40 6
40 98
40 77
40 105
40 19
40 107
40 71
40 65
40 70
40 56
40 44
40 109
40 80
40 15
40 49
40 18
40 48
40 42
40 38
40 41
40 10
40 85
40 35
40 51
40 60
40 93
40 76
40 30
40 43
40 37
40 31
40 81
40 67
40 36
40 14
40 46
40 8
40 97
40 102
40 53
40 58
40 32
40 63
23 71
23 101
23 65
23 62
23 34
23 26
23 89
23 11
23 48
23 31
23 73
23 50
23 57
23 56
23 66
23 51
23 44
23 27
23 4
23 17
23 79
23 61
23 74
23 16
23 97
23 88
23 64
23 84
23 60
23 53
23 49
23 96
23 37
23 85
23 13
23 1
23 6
23 69
23 8
23 25
23 83
23 15
23 100
23 67
23 81
23 14
23 90
23 43
23 38
23 104
23 54
23 107
23 39
23 98
23 105
23 99
23 108
23 42
23 80
23 109
23 3
23 58
23 52
23 24
23 5
23 32
23 59
23 36
23 110
23 93
23 70
23 72
23 76
23 77
71 22
71 11
71 91
71 89
71 5
71 80
71 81
71 69
71 64
71 72
71 8
71 77
71 43
71 20
71 51
71 15
71 58
71 62
71 53
71 59
71 82
71 36
71 50
71 66
71 55
71 39
71 78
71 70
71 56
71 73
71 105
71 14
71 31
71 95
71 102
71 46
71 65
71 16
71 85
71 1
71 21
71 17
71 79
71 109
71 34
71 26
71 10
71 84
71 110
71 92
71 33
71 83
71 13
71 44
71 104
71 96
71 29
71 18
71 100
71 45
71 90
71 98
71 30
71 32
71 4
71 24
71 60
71 41
71 67
22 31
22 10
22 63
22 52
22 53
22 50
22 62
22 110
22 5
22 101
22 59
22 21
22 35
22 93
22 11
22 83
22 42
22 58
22 82
22 108
22 51
22 75
22 61
22 77
22 67
22 43
22 36
22 3
22 27
22 44
22 85
22 45
22 33
22 99
22 65
22 80
22 38
22 18
22 91
22 34
22 16
22 84
22 90
22 86
22 39
22 26
22 96
22 76
22 57
22 14
22 60
22 29
22 46
22 12
22 54
22 88
22 56
22 4
22 104
22 17
22 78
22 102
22 20
22 109
22 24
22 98
22 97
31 64
31 42
31 25
31 102
31 43
31 104
31 36
31 1
31 100
31 11
31 63
31 33
31 96
31 89
31 58
31 30
31 67
31 72
31 80
31 46
31 109
31 74
31 49
31 55
31 69
31 90
31 19
31 59
31 105
31 52
31 101
31 56
31 77
31 82
31 12
31 92
31 10
31 91
31 66
31 86
31 107
31 108
31 34
31 14
31 62
31 16
31 7
31 95
31 54
31 97
31 88
31 32
31 24
31 20
31 51
31 79
31 29
31 50
31 39
31 13
31 5
31 85
31 78
31 3
31 60
31 48
31 18
64 4
64 56
64 93
64 14
64 81
64 88
64 34
64 104
64 29
64 12
64 99
64 46
64 6
64 41
64 37
64 30
64 54
64 91
64 45
64 3
64 98
64 35
64 11
64 43
64 109
64 50
64 70
64 65
64 42
64 44
64 83
64 8
64 75
64 21
64 85
64 52
64 80
64 17
64 66
64 20
64 60
64 1
64 82
64 18
64 74
64 107
64 100
64 15
64 105
64 7
64 90
64 51
64 97
64 38
64 5
64 84
64 96
64 16
64 77
64 72
4 75
4 36
4 98
4 55
4 11
4 19
4 39
4 82
4 86
4 56
4 96
4 10
4 46
4 13
4 26
4 48
4 5
4 67
4 32
4 52
4 35
4 15
4 105
4 77
4 16
4 30
4 62
4 21
4 65
4 89
4 74
4 3
4 97
4 84
4 25
4 58
4 108
4 104
4 7
4 76
4 73
4 110
4 72
4 34
4 33
4 20
4 45
4 53
4 90
4 1
4 43
4 99
4 44
4 91
4 17
4 93
4 81
4 95
4 102
4 18
4 57
4 29
4 83
4 12
4 27
4 59
4 6
75 97
75 13
75 53
75 50
75 67
75 69
75 72
75 21
75 73
75 18
75 61
75 3
75 56
75 104
75 88
75 16
75 27
75 35
75 84
75 1
75 86
75 7
75 54
75 77
75 30
75 33
75 96
75 32
75 74
75 81
75 91
75 41
75 83
75 70
75 26
75 65
75 8
75 37
75 102
75 14
75 43
75 105
75 38
75 66
75 63
75 42
75 58
75 98
75 24
75 59
75 19
75 89
75 60
75 79
75 25
75 12
75 34
75 95
75 80
97 60
97 84
97 26
97 80
97 48
97 93
97 11
97 66
97 76
97 49
97 83
97 70
97 107
97 102
97 34
97 38
97 52
97 99
97 1
97 69
97 72
97 89
97 37
97 81
97 46
97 3
97 85
97 108
97 101
97 79
97 57
97 90
97 41
97 14
97 91
97 67
97 55
97 21
97 8
97 33
97 59
97 39
97 77
97 50
97 105
97 17
97 44
97 56
97 109
97 110
97 54
97 6
97 104
97 30
97 32
97 10
97 42
97 29
97 35
97 74
97 73
97 19
97 51
97 27
60 89
60 65
60 66
60 12
60 105
60 38
60 90
60 17
60 48
60 74
60 24
60 92
60 108
60 101
60 7
60 49
60 110
60 91
60 46
60 86
60 84
60 73
60 41
60 57
60 13
60 54
60 61
60 95
60 21
60 25
60 109
60 77
60 79
60 14
60 10
60 83
60 6
60 82
60 53
60 5
60 32
60 104
60 70
60 42
60 39
60 18
60 102
60 45
60 8
60 19
60 88
60 1
60 55
60 85
60 35
60 37
60 96
60 26
89 88
89 98
89 10
89 66
89 91
89 63
89 43
89 104
89 21
89 52
89 51
89 50
89 6
89 78
89 17
89 62
89 73
89 37
89 19
89 56
89 29
89 61
89 57
89 77
89 12
89 58
89 72
89 67
89 45
89 96
89 81
89 24
89 42
89 108
89 13
89 27
89 26
89 36
89 39
89 95
89 48
89 90
89 35
89 107
89 16
89 79
89 55
89 105
89 65
89 18
89 30
89 54
89 34
89 99
89 11
89 100
89 14
89 8
88 101
88 100
88 10
88 29
88 83
88 69
88 109
88 76
88 14
88 38
88 3
88 15
88 66
88 62
88 7
88 90
88 110
88 53
88 61
88 19
88 21
88 65
88 18
88 35
88 45
88 104
88 36
88 93
88 84
88 8
88 48
88 30
88 70
88 73
88 105
88 32
88 49
88 63
88 67
88 5
88 92
88 17
88 59
88 81
88 55
88 13
88 39
88 102
88 50
88 12
88 27
88 82
88 43
88 56
88 25
88 99
88 51
88 52
88 16
88 77
88 41
88 46
88 107
88 98
101 27
101 102
101 10
101 20
101 95
101 76
101 59
101 91
101 79
101 105
101 99
101 90
101 74
101 19
101 80
101 25
101 32
101 44
101 1
101 72
101 82
101 84
101 107
101 63
101 11
101 12
101 21
101 18
101 46
101 42
101 61
101 92
101 66
101 83
101 110
101 48
101 14
101 67
101 38
101 36
101 41
101 52
101 62
101 37
101 29
101 26
101 35
101 57
101 24
101 49
101 50
101 33
101 73
101 53
101 65
101 45
101 13
101 81
27 14
27 93
27 108
27 104
27 107
27 100
27 18
27 53
27 76
27 21
27 7
27 99
27 91
27 56
27 48
27 13
27 61
27 105
27 98
27 55
27 57
27 3
27 58
27 42
27 46
27 44
27 34
27 10
27 19
27 70
27 38
27 59
27 51
27 78
27 11
27 35
27 43
27 84
27 5
27 85
27 62
27 45
27 82
27 26
27 32
27 1
27 63
27 74
27 52
27 24
27 79
27 92
27 110
27 25
27 65
27 33
27 86
27 83
27 102
14 33
14 36
14 61
14 99
14 74
14 10
14 79
14 91
14 34
14 41
14 62
14 98
14 38
14 59
14 107
14 35
14 58
14 52
14 49
14 45
14 81
14 48
14 85
14 66
14 1
14 17
14 102
14 104
14 69
14 53
14 73
14 65
14 7
14 19
14 86
14 8
14 3
14 30
14 54
14 46
14 63
14 43
14 105
14 95
14 96
14 83
14 24
14 44
14 72
14 108
14 84
14 26
14 82
14 42
14 57
14 93
14 100
14 67
14 15
14 29
14 11
14 110
14 20
33 1
33 66
33 45
33 84
33 65
33 81
33 42
33 35
33 15
33 54
33 90
33 18
33 85
33 7
33 32
33 6
33 55
33 95
33 50
33 63
33 72
33 59
33 69
33 17
33 53
33 10
33 82
33 96
33 8
33 37
33 86
33 80
33 57
33 49
33 91
33 12
33 99
33 5
33 76
33 105
33 46
33 67
33 11
33 83
33 62
33 20
33 3
33 58
33 61
33 100
33 74
33 43
33 108
33 79
33 34
33 24
33 77
33 25
33 29
33 30
33 56
33 78
1 86
1 49
1 25
1 81
1 18
1 109
1 46
1 57
1 83
1 93
1 17
1 72
1 107
1 12
1 42
1 84
1 77
1 56
1 110
1 32
1 26
1 21
1 102
1 95
1 6
1 63
1 48
1 100
1 45
1 98
1 105
1 54
1 74
1 73
1 24
1 50
1 96
1 59
1 92
1 82
1 66
1 39
1 58
1 79
1 10
1 43
1 85
1 20
1 52
1 19
1 65
1 34
1 5
1 16
1 61
1 37
1 108
1 90
1 67
86 110
86 109
86 48
86 54
86 76
86 18
86 39
86 10
86 32
86 44
86 7
86 77
86 52
86 12
86 43
86 41
86 51
86 26
86 38
86 81
86 80
86 83
86 70
86 55
86 74
86 65
86 8
86 61
86 24
86 108
86 49
86 95
86 36
86 20
86 72
86 98
86 15
86 63
86 100
86 17
86 57
86 82
86 58
86 30
86 42
86 25
86 37
86 50
86 11
86 29
86 93
86 107
86 53
86 99
86 67
110 82
110 65
110 20
110 99
110 67
110 29
110 70
110 105
110 18
110 98
110 34
110 38
110 73
110 25
110 30
110 85
110 5
110 81
110 108
110 49
110 37
110 54
110 61
110 63
110 46
110 66
110 91
110 100
110 104
110 10
110 83
110 7
110 107
110 109
110 56
110 79
110 11
110 69
110 32
110 72
110 45
110 16
110 8
110 57
110 44
110 62
110 15
110 26
110 77
110 39
110 50
110 74
110 78
110 43
110 92
110 80
110 48
110 17
110 90
110 36
110 96
110 55
82 8
82 90
82 50
82 66
82 34
82 43
82 109
82 6
82 77
82 19
82 57
82 35
82 76
82 99
82 74
82 49
82 83
82 29
82 11
82 13
82 7
82 96
82 21
82 15
82 25
82 56
82 98
82 10
82 63
82 17
82 38
82 37
82 93
82 69
82 5
82 39
82 73
82 30
82 102
82 61
82 80
82 92
82 42
82 36
82 52
82 16
82 54
82 65
82 18
82 20
82 84
82 62
82 58
82 24
82 108
82 26
82 3
82 95
82 46
82 51
82 67
82 12
8 51
8 66
8 70
8 46
8 105
8 34
8 50
8 20
8 98
8 73
8 104
8 99
8 36
8 19
8 63
8 78
8 16
8 30
8 92
8 42
8 62
8 6
8 59
8 54
8 83
8 74
8 61
8 67
8 39
8 7
8 72
8 24
8 29
8 53
8 21
8 41
8 10
8 43
8 58
8 80
8 84
8 18
8 100
8 49
8 107
8 32
8 11
8 55
8 26
8 90
8 79
8 65
8 85
8 13
8 25
51 102
51 67
51 98
51 72
51 50
51 43
51 30
51 6
51 81
51 107
51 70
51 15
51 20
51 38
51 99
51 46
51 65
51 62
51 11
51 5
51 92
51 42
51 37
51 93
51 7
51 69
51 35
51 53
51 21
51 45
51 25
51 79
51 74
51 49
51 83
51 96
51 66
51 105
51 12
51 76
51 52
51 54
51 59
51 36
51 109
51 77
51 108
51 17
51 18
51 10
51 48
51 24
51 26
102 41
102 29
102 7
102 81
102 109
102 26
102 13
102 67
102 62
102 18
102 77
102 53
102 96
102 105
102 107
102 5
102 35
102 12
102 21
102 56
102 65
102 73
102 15
102 83
102 93
102 59
102 108
102 100
102 99
102 44
102 76
102 48
102 43
102 69
102 19
102 91
102 78
102 74
102 32
102 17
102 20
102 92
102 6
102 30
102 16
102 36
102 45
102 50
102 42
102 55
102 57
102 11
102 90
102 79
102 72
41 53
41 3
41 61
41 38
41 52
41 63
41 109
41 10
41 20
41 59
41 43
41 83
41 85
41 69
41 107
41 11
41 96
41 93
41 77
41 45
41 39
41 56
41 100
41 74
41 92
41 16
41 66
41 46
41 50
41 32
41 58
41 25
41 62
41 15
41 35
41 84
41 42
41 67
41 65
41 19
41 48
41 18
41 7
41 26
41 98
41 34
41 90
41 76
41 105
41 37
41 55
41 72
53 78
53 5
53 61
53 73
53 67
53 6
53 15
53 107
53 49
53 39
53 57
53 58
53 100
53 84
53 37
53 19
53 36
53 46
53 59
53 76
53 24
53 17
53 62
53 25
53 91
53 32
53 21
53 56
53 45
53 63
53 80
53 95
53 18
53 92
53 52
53 79
53 108
53 12
53 65
53 105
53 70
53 10
53 29
53 93
53 54
53 90
53 66
53 50
53 34
53 55
53 96
53 72
53 98
53 11
53 77
53 35
78 79
78 30
78 42
78 104
78 61
78 48
78 76
78 95
78 10
78 62
78 45
78 29
78 84
78 100
78 99
78 109
78 15
78 39
78 7
78 107
78 67
78 11
78 5
78 65
78 55
78 34
78 25
78 52
78 74
78 72
78 19
78 63
78 20
78 24
78 49
78 6
78 44
78 70
78 35
78 85
78 59
78 66
78 90
78 17
78 80
78 93
78 73
78 16
78 12
78 26
79 105
79 32
79 56
79 70
79 45
79 3
79 26
79 95
79 69
79 21
79 50
79 25
79 67
79 10
79 6
79 96
79 42
79 55
79 15
79 100
79 92
79 30
79 44
79 93
79 63
79 37
79 66
79 90
79 109
79 99
79 76
79 34
79 12
79 65
79 35
79 17
79 57
79 77
79 5
79 43
79 48
79 54
79 39
79 20
79 83
79 24
79 7
79 38
79 107
79 98
79 19
105 100
105 70
105 85
105 58
105 11
105 24
105 95
105 17
105 19
105 36
105 61
105 45
105 6
105 98
105 52
105 84
105 10
105 20
105 91
105 93
105 5
105 50
105 63
105 26
105 49
105 25
105 32
105 43
105 12
105 83
105 72
105 77
105 7
105 21
105 57
105 13
105 38
105 74
105 62
105 107
105 56
105 48
105 109
105 39
105 66
105 3
105 46
105 44
105 96
105 34
105 37
105 81
105 73
105 29
100 76
100 57
100 3
100 49
100 26
100 16
100 50
100 85
100 84
100 59
100 98
100 45
100 52
100 30
100 7
100 39
100 80
100 61
100 81
100 95
100 35
100 25
100 72
100 13
100 96
100 67
100 91
100 10
100 107
100 15
100 48
100 108
100 58
100 34
100 37
100 43
100 55
100 24
100 42
100 32
100 5
100 19
100 73
100 56
100 93
100 21
100 18
100 69
100 12
100 92
100 62
76 37
76 16
76 63
76 18
76 58
76 7
76 19
76 5
76 81
76 44
76 107
76 26
76 48
76 56
76 61
76 15
76 36
76 66
76 17
76 50
76 38
76 91
76 95
76 11
76 74
76 43
76 73
76 62
76 59
76 109
76 35
76 57
76 6
76 55
76 92
76 67
76 69
76 49
76 85
76 21
76 93
76 90
76 25
76 108
76 29
76 46
76 39
76 96
76 20
76 12
76 70
76 72
76 77
76 54
37 58
37 92
37 57
37 13
37 65
37 36
37 90
37 93
37 73
37 17
37 70
37 98
37 63
37 55
37 46
37 32
37 85
37 25
37 10
37 26
37 96
37 6
37 24
37 18
37 109
37 20
37 50
37 54
37 43
37 7
37 44
37 35
37 83
37 77
37 72
37 81
37 108
37 84
37 15
37 59
37 80
37 49
37 30
58 6
58 62
58 50
58 99
58 59
58 17
58 25
58 93
58 56
58 55
58 35
58 104
58 108
58 83
58 30
58 12
58 57
58 109
58 18
58 84
58 49
58 16
58 15
58 20
58 5
58 39
58 44
58 43
58 61
58 3
58 21
58 92
58 81
58 96
58 29
58 69
58 54
58 42
58 73
58 52
58 45
58 11
58 32
58 74
58 7
58 70
58 13
58 46
58 66
58 91
6 56
6 32
6 55
6 34
6 98
6 73
6 69
6 20
6 104
6 57
6 61
6 93
6 74
6 70
6 25
6 42
6 15
6 66
6 12
6 35
6 13
6 107
6 91
6 11
6 39
6 54
6 67
6 19
6 62
6 24
6 85
6 45
6 3
6 48
6 52
6 96
6 5
6 43
6 44
6 63
6 30
6 83
6 108
6 26
6 59
6 49
6 46
6 7
6 18
56 34
56 108
56 91
56 5
56 32
56 49
56 61
56 65
56 95
56 26
56 44
56 80
56 21
56 54
56 7
56 17
56 90
56 10
56 15
56 63
56 38
56 18
56 25
56 16
56 99
56 55
56 19
56 93
56 85
56 12
56 107
56 66
56 62
56 43
56 74
56 104
56 81
56 35
56 57
56 48
56 67
56 45
56 52
56 20
56 29
56 98
34 90
34 62
34 61
34 38
34 20
34 12
34 18
34 81
34 13
34 74
34 5
34 25
34 21
34 52
34 11
34 84
34 48
34 49
34 24
34 39
34 104
34 55
34 73
34 50
34 99
34 107
34 3
34 26
34 44
34 98
34 93
34 70
34 30
34 85
34 65
34 67
34 43
34 32
34 57
34 109
34 72
34 80
34 16
90 52
90 85
90 83
90 61
90 70
90 10
90 54
90 43
90 36
90 30
90 3
90 104
90 77
90 108
90 63
90 66
90 109
90 32
90 48
90 25
90 17
90 15
90 49
90 21
90 44
90 7
90 92
90 16
90 72
90 20
90 73
90 19
90 99
90 24
90 55
90 5
90 95
90 57
90 11
90 18
90 93
90 29
90 35
52 32
52 70
52 38
52 25
52 91
52 5
52 54
52 12
52 18
52 80
52 92
52 15
52 99
52 44
52 74
52 66
52 73
52 13
52 96
52 10
52 49
52 16
52 35
52 95
52 19
52 50
52 45
52 55
52 77
52 62
52 24
52 61
52 39
52 21
52 7
52 98
52 72
52 26
32 12
32 39
32 11
32 72
32 3
32 80
32 7
32 83
32 57
32 35
32 42
32 19
32 46
32 93
32 25
32 24
32 91
32 66
32 96
32 36
32 108
32 20
32 63
32 99
32 70
32 67
32 77
32 10
32 95
32 65
32 17
32 84
32 69
32 59
32 49
32 5
32 44
32 107
32 109
32 18
32 104
12 63
12 46
12 21
12 15
12 95
12 5
12 35
12 99
12 3
12 98
12 91
12 80
12 69
12 44
12 17
12 26
12 48
12 108
12 72
12 11
12 85
12 57
12 109
12 36
12 66
12 43
12 61
12 59
12 45
12 54
12 18
12 104
12 30
12 38
12 92
12 20
12 16
12 77
12 13
12 81
12 107
12 65
12 62
12 84
63 49
63 69
63 3
63 19
63 18
63 17
63 77
63 104
63 109
63 7
63 67
63 43
63 10
63 73
63 92
63 30
63 44
63 11
63 62
63 95
63 107
63 13
63 93
63 91
63 46
63 98
63 65
63 55
63 81
63 38
63 29
63 74
63 45
63 48
63 108
63 85
63 36
63 84
63 35
63 83
63 50
63 25
63 96
63 21
63 72
63 39
63 5
49 42
49 85
49 13
49 44
49 109
49 11
49 66
49 46
49 92
49 107
49 62
49 39
49 61
49 45
49 19
49 30
49 72
49 5
49 10
49 59
49 98
49 48
49 99
49 54
49 93
49 15
49 16
49 57
49 17
49 104
49 77
49 36
49 18
49 3
49 65
49 91
49 70
49 20
49 81
49 95
49 50
49 74
49 69
42 48
42 74
42 96
42 81
42 67
42 92
42 21
42 3
42 16
42 36
42 15
42 95
42 59
42 25
42 83
42 80
42 38
42 85
42 54
42 73
42 66
42 17
42 35
42 10
42 24
42 46
42 70
42 62
42 26
42 5
42 19
42 99
42 11
42 29
42 107
42 20
42 65
42 50
42 72
42 109
42 45
42 91
48 19
48 81
48 96
48 65
48 18
48 99
48 17
48 98
48 92
48 10
48 24
48 109
48 20
48 5
48 45
48 25
48 30
48 11
48 72
48 29
48 73
48 55
48 93
48 66
48 15
48 104
48 67
48 36
48 84
48 54
48 59
48 21
48 46
48 107
48 3
48 44
19 93
19 16
19 73
19 92
19 72
19 91
19 35
19 65
19 46
19 69
19 85
19 80
19 98
19 107
19 77
19 108
19 17
19 57
19 62
19 50
19 7
19 20
19 43
19 5
19 70
19 67
19 55
19 25
19 24
19 45
19 38
19 3
19 11
19 95
19 84
19 96
19 59
19 21
19 30
19 29
19 18
19 39
19 15
93 107
93 30
93 3
93 35
93 50
93 11
93 20
93 70
93 69
93 85
93 29
93 43
93 92
93 67
93 104
93 83
93 45
93 59
93 84
93 16
93 36
93 25
93 26
93 38
93 66
93 18
93 39
93 57
93 24
93 65
93 80
93 95
93 55
93 7
93 10
93 13
93 15
93 21
93 109
93 96
93 44
93 72
107 25
107 13
107 77
107 84
107 21
107 26
107 50
107 61
107 91
107 74
107 29
107 46
107 55
107 18
107 16
107 30
107 70
107 69
107 11
107 10
107 62
107 92
107 20
107 7
107 73
107 39
107 59
107 81
107 67
107 96
107 80
107 72
107 3
107 15
107 85
107 95
107 54
107 66
107 104
107 98
107 57
25 20
25 69
25 72
25 83
25 109
25 77
25 66
25 30
25 16
25 80
25 29
25 74
25 17
25 104
25 35
25 26
25 92
25 65
25 55
25 3
25 98
25 61
25 85
25 81
25 5
25 91
25 44
25 96
25 18
25 67
25 73
25 21
25 62
25 95
25 46
25 43
25 15
25 39
20 95
20 24
20 36
20 43
20 73
20 55
20 66
20 98
20 54
20 83
20 29
20 85
20 62
20 39
20 61
20 92
20 91
20 99
20 59
20 13
20 46
20 65
20 57
20 7
20 16
20 18
20 70
20 108
20 72
20 109
20 15
20 10
20 67
95 74
95 83
95 67
95 84
95 55
95 57
95 104
95 30
95 73
95 99
95 70
95 50
95 21
95 98
95 80
95 17
95 54
95 85
95 81
95 16
95 11
95 36
95 18
95 61
95 38
95 69
95 5
95 46
95 62
95 24
95 10
95 45
95 13
95 92
95 96
95 29
95 43
74 92
74 3
74 39
74 30
74 43
74 46
74 26
74 13
74 59
74 61
74 24
74 96
74 10
74 80
74 104
74 85
74 67
74 57
74 7
74 17
74 15
74 29
74 45
74 35
74 98
74 16
74 77
74 69
74 66
74 65
74 73
74 70
74 38
92 26
92 98
92 57
92 99
92 16
92 13
92 85
92 24
92 21
92 62
92 81
92 80
92 65
92 59
92 54
92 50
92 7
92 96
92 46
92 104
92 69
92 72
92 109
92 17
92 61
92 45
92 29
92 3
92 91
92 77
92 18
92 43
92 73
92 84
92 10
92 67
92 15
92 44
92 30
92 66
26 24
26 18
26 69
26 29
26 45
26 46
26 17
26 108
26 44
26 66
26 57
26 59
26 80
26 54
26 10
26 104
26 62
26 85
26 70
26 50
26 36
26 30
26 91
26 61
26 5
26 81
26 98
26 7
26 3
26 73
26 67
26 84
26 38
26 13
26 83
26 15
26 72
24 11
24 109
24 21
24 13
24 85
24 44
24 7
24 67
24 30
24 104
24 39
24 80
24 5
24 10
24 108
24 17
24 35
24 62
24 29
24 83
24 18
24 91
24 96
24 70
24 43
24 72
24 61
24 59
24 57
24 38
24 36
24 55
24 3
24 99
11 81
11 85
11 104
11 16
11 43
11 30
11 38
11 84
11 45
11 109
11 7
11 55
11 57
11 70
11 61
11 39
11 83
11 50
11 73
11 13
11 66
11 80
11 65
11 108
11 99
11 15
11 18
11 96
11 98
11 3
11 46
81 17
81 46
81 21
81 69
81 61
81 35
81 77
81 83
81 70
81 65
81 43
81 30
81 55
81 15
81 108
81 45
81 3
81 85
81 96
81 18
81 98
81 109
81 73
81 36
81 13
81 38
81 29
81 66
81 72
81 59
81 5
81 104
17 10
17 13
17 91
17 85
17 65
17 61
17 3
17 16
17 45
17 39
17 67
17 70
17 59
17 104
17 84
17 36
17 44
17 38
17 46
17 35
17 5
17 55
17 80
17 96
17 62
17 108
17 43
17 30
17 57
17 69
17 54
17 99
17 15
17 109
10 85
10 109
10 73
10 7
10 61
10 77
10 46
10 57
10 16
10 54
10 96
10 3
10 21
10 84
10 29
10 50
10 98
10 67
10 62
10 108
10 66
10 72
10 80
10 30
10 99
10 65
10 35
10 45
10 36
85 67
85 72
85 54
85 46
85 21
85 83
85 57
85 50
85 43
85 16
85 109
85 5
85 66
85 55
85 59
85 96
85 29
85 3
85 39
85 65
85 70
85 15
85 18
85 7
85 80
85 91
85 36
85 38
85 98
67 99
67 15
67 65
67 13
67 46
67 44
67 5
67 39
67 83
67 108
67 77
67 50
67 54
67 30
67 80
67 69
67 59
67 29
67 61
67 57
67 96
67 35
67 45
67 16
67 62
67 7
67 66
67 84
67 36
67 38
67 3
67 104
67 70
67 109
67 73
67 91
99 5
99 69
99 38
99 35
99 21
99 80
99 3
99 65
99 54
99 61
99 15
99 70
99 73
99 57
99 7
99 13
99 45
99 39
99 108
99 30
99 83
99 59
99 98
99 66
99 18
99 72
99 109
99 44
5 72
5 109
5 46
5 44
5 30
5 104
5 35
5 3
5 45
5 73
5 36
5 38
5 7
5 66
5 69
5 108
5 21
5 65
5 62
5 84
5 13
5 98
5 55
5 54
5 70
5 43
5 80
5 83
72 80
72 57
72 54
72 59
72 77
72 98
72 46
72 29
72 38
72 3
72 70
72 62
72 104
72 55
72 43
72 30
72 45
72 109
72 66
72 15
72 18
72 108
72 16
72 96
72 36
72 83
72 44
72 69
72 39
80 29
80 73
80 55
80 91
80 59
80 66
80 36
80 30
80 3
80 46
80 104
80 13
80 65
80 15
80 109
80 108
80 98
80 57
80 7
80 50
80 21
80 39
80 45
80 70
80 35
80 96
80 18
80 61
80 77
80 62
29 57
29 98
29 15
29 50
29 35
29 104
29 39
29 83
29 54
29 62
29 30
29 61
29 84
29 45
29 108
29 16
29 96
29 44
29 38
29 109
29 18
29 65
29 7
29 55
57 7
57 44
57 104
57 65
57 59
57 73
57 108
57 83
57 55
57 36
57 62
57 109
57 43
57 69
57 38
57 15
57 70
57 46
57 96
57 30
57 13
57 66
57 3
7 16
7 109
7 104
7 21
7 50
7 96
7 46
7 66
7 61
7 45
7 108
7 30
7 13
7 44
7 38
7 69
7 39
7 3
7 70
7 55
7 73
7 62
7 15
7 91
7 59
7 65
16 66
16 73
16 98
16 70
16 30
16 61
16 77
16 46
16 13
16 43
16 35
16 15
16 54
16 39
16 65
16 108
16 104
16 59
16 84
16 109
16 62
16 83
16 91
16 45
66 13
66 77
66 65
66 46
66 18
66 21
66 36
66 15
66 62
66 109
66 39
66 38
66 108
66 43
66 54
66 91
66 84
66 96
66 59
66 50
66 61
66 35
66 30
66 3
66 70
13 38
13 104
13 59
13 43
13 50
13 73
13 3
13 35
13 91
13 98
13 30
13 46
13 45
13 18
13 83
13 44
13 84
13 15
13 108
13 36
13 21
13 96
13 77
13 62
13 54
38 84
38 65
38 77
38 62
38 54
38 59
38 104
38 18
38 39
38 109
38 3
38 61
38 55
38 70
38 30
38 46
38 83
38 44
38 43
38 108
38 73
84 109
84 30
84 61
84 15
84 59
84 35
84 3
84 73
84 36
84 77
84 91
84 50
84 96
84 45
84 98
84 21
84 39
84 54
84 70
84 104
84 46
84 43
84 108
84 83
109 65
109 50
109 18
109 30
109 54
109 45
109 15
109 46
109 44
109 3
109 61
109 73
109 69
109 43
109 70
109 108
109 98
109 55
109 91
109 96
109 83
109 39
109 62
65 54
65 50
65 43
65 55
65 70
65 30
65 45
65 108
65 18
65 59
65 15
65 46
65 73
65 36
65 39
65 21
65 35
65 91
54 69
54 83
54 73
54 36
54 55
54 46
54 61
54 108
54 44
54 91
54 43
54 21
54 59
54 3
54 62
54 39
54 96
54 30
54 70
54 18
54 15
54 77
69 46
69 98
69 77
69 35
69 73
69 50
69 36
69 55
69 83
69 44
69 3
69 30
69 104
69 91
69 108
69 70
69 43
69 21
69 62
46 104
46 108
46 91
46 35
46 50
46 55
46 70
46 59
46 96
46 77
46 43
46 21
46 98
46 45
46 3
104 45
104 43
104 73
104 3
104 91
104 15
104 77
104 59
104 39
104 62
104 44
104 18
104 35
104 70
104 61
104 108
45 77
45 108
45 18
45 3
45 15
45 55
45 30
45 62
45 44
45 50
45 35
45 36
45 96
45 83
45 59
45 61
77 62
77 36
77 98
77 91
77 21
77 73
77 59
77 30
77 55
77 96
77 83
77 15
77 50
77 61
77 18
62 35
62 21
62 3
62 91
62 61
62 83
62 73
62 59
62 108
62 96
62 18
62 70
35 96
35 18
35 61
35 30
35 50
35 43
35 73
35 91
35 21
35 108
35 39
35 3
35 83
35 55
96 18
96 21
96 59
96 15
96 50
96 98
96 30
96 70
96 43
96 3
96 39
96 55
96 83
96 36
96 73
96 44
18 21
18 61
18 36
18 50
18 55
18 59
18 98
18 91
18 83
18 3
18 30
18 70
21 91
21 108
21 98
21 3
21 30
21 59
21 55
21 39
21 44
21 43
21 50
21 73
91 36
91 70
91 55
91 50
91 15
91 43
91 61
91 73
91 59
91 30
91 108
91 39
36 55
36 70
36 44
36 61
36 50
36 30
36 43
36 83
36 39
36 15
36 108
55 73
55 30
55 39
55 3
55 83
55 50
55 44
55 43
55 61
55 108
55 15
55 70
73 39
73 70
73 15
73 44
73 98
73 43
73 61
39 50
39 3
39 98
39 83
39 15
39 59
39 30
39 61
39 43
39 108
39 70
39 44
50 98
50 59
50 30
50 43
50 3
50 15
50 61
50 83
50 70
98 70
98 3
98 44
98 61
98 43
98 59
98 83
98 15
98 108
70 15
70 83
70 44
70 43
70 30
70 59
15 3
15 44
15 108
15 59
15 61
15 30
3 83
3 61
3 44
3 108
83 30
83 59
83 44
83 108
83 61
30 59
30 108
30 44
59 43
59 61
59 44
43 44
43 108
44 61
44 108
61 108
