52 3
52 93
52 54
52 69
52 82
52 66
52 117
52 114
52 22
52 64
52 31
52 41
52 30
52 73
52 100
52 35
52 84
52 108
52 14
52 59
52 1
52 62
52 34
52 25
52 103
52 60
52 83
52 47
52 53
52 33
52 10
52 39
52 105
52 111
52 86
52 20
52 109
52 45
52 48
52 38
52 57
52 97
52 96
52 6
52 4
52 32
52 2
52 68
52 65
52 27
52 11
52 112
52 5
52 19
52 56
52 23
52 67
52 71
52 89
52 76
52 81
52 40
52 101
52 26
52 78
52 99
52 110
52 88
52 102
52 113
52 46
52 91
52 49
52 8
52 104
52 120
52 77
52 119
52 58
52 106
52 24
52 7
52 43
52 61
93 47
93 119
93 109
93 18
93 63
93 92
93 101
93 118
93 69
93 20
93 12
93 76
93 96
93 31
93 11
93 99
93 37
93 38
93 85
93 68
93 32
93 19
93 75
93 51
93 97
93 62
93 9
93 115
93 21
93 46
93 84
93 74
93 105
93 13
93 70
93 41
93 108
93 40
93 113
93 110
93 33
93 45
93 39
93 42
93 116
93 112
93 24
93 30
93 58
93 53
93 114
93 36
93 78
93 6
93 5
93 80
93 89
93 79
93 95
93 59
93 54
93 91
93 88
93 15
93 83
93 82
93 87
93 73
93 81
93 29
93 34
93 72
93 23
93 7
93 61
93 111
93 100
93 107
93 2
93 14
93 103
93 86
93 43
93 55
93 28
93 48
93 57
93 44
93 94
93 104
93 16
93 71
93 35
93 17
93 50
93 8
93 3
47 72
47 67
47 74
47 39
47 113
47 38
47 5
47 82
47 20
47 36
47 13
47 57
47 33
47 89
47 92
47 18
47 81
47 114
47 31
47 11
47 43
47 49
47 50
47 56
47 17
47 42
47 110
47 73
47 109
47 3
47 22
47 37
47 24
47 69
47 59
47 87
47 25
47 28
47 83
47 7
47 15
47 53
47 54
47 45
47 14
47 108
47 16
47 30
47 68
47 35
47 106
47 101
47 64
47 91
47 62
47 88
47 63
47 55
47 29
47 6
47 2
47 102
47 94
47 86
47 107
47 85
47 100
47 9
47 105
47 84
47 65
47 77
47 75
47 26
47 66
47 41
47 112
47 120
47 32
47 46
47 1
47 115
47 118
47 79
47 96
47 95
47 19
47 21
47 58
47 78
47 40
47 51
72 34
72 53
72 15
72 27
72 116
72 85
72 91
72 25
72 48
72 57
72 14
72 43
72 24
72 31
72 115
72 20
72 82
72 28
72 1
72 22
72 33
72 40
72 17
72 73
72 94
72 118
72 63
72 59
72 3
72 54
72 67
72 87
72 42
72 90
72 78
72 70
72 51
72 109
72 74
72 10
72 5
72 100
72 18
72 23
72 71
72 45
72 13
72 50
72 119
72 98
72 103
72 8
72 30
72 102
72 35
72 56
72 117
72 58
72 89
72 112
72 107
72 81
72 68
72 9
72 37
72 61
72 110
72 97
72 108
72 26
72 44
72 11
72 111
72 83
72 101
72 41
72 69
72 77
72 120
72 32
72 96
72 92
72 105
72 46
72 114
72 36
34 106
34 5
34 119
34 44
34 54
34 115
34 74
34 19
34 8
34 13
34 80
34 56
34 112
34 87
34 101
34 111
34 90
34 84
34 22
34 79
34 1
34 107
34 108
34 31
34 41
34 11
34 21
34 68
34 16
34 37
34 66
34 58
34 63
34 53
34 36
34 38
34 92
34 71
34 114
34 30
34 88
34 14
34 48
34 50
34 43
34 91
34 60
34 89
34 67
34 35
34 15
34 95
34 120
34 6
34 46
34 102
34 12
34 39
34 59
34 86
34 51
34 105
34 40
34 27
34 81
34 17
34 7
34 49
34 55
34 82
34 26
34 69
34 28
34 23
34 117
34 85
34 9
34 62
34 3
34 113
34 57
34 25
34 110
34 32
34 24
34 78
34 100
34 103
34 33
106 101
106 5
106 54
106 14
106 77
106 113
106 74
106 8
106 25
106 20
106 7
106 21
106 97
106 61
106 6
106 28
106 44
106 68
106 67
106 23
106 49
106 51
106 94
106 39
106 31
106 89
106 112
106 102
106 103
106 59
106 83
106 4
106 40
106 86
106 43
106 33
106 53
106 95
106 35
106 100
106 30
106 71
106 107
106 117
106 48
106 114
106 120
106 110
106 64
106 98
106 96
106 62
106 105
106 65
106 9
106 29
106 3
106 1
106 26
106 12
106 27
106 109
106 32
106 63
106 17
106 73
106 108
106 38
106 24
106 45
106 66
106 85
106 42
106 69
106 75
106 80
106 58
106 46
106 60
106 92
106 18
106 87
106 84
106 91
106 99
101 118
101 104
101 58
101 57
101 50
101 99
101 86
101 35
101 87
101 4
101 69
101 28
101 29
101 73
101 119
101 120
101 100
101 46
101 1
101 42
101 59
101 64
101 2
101 78
101 11
101 38
101 6
101 97
101 51
101 76
101 112
101 98
101 56
101 39
101 81
101 23
101 18
101 89
101 48
101 74
101 37
101 15
101 107
101 116
101 14
101 10
101 115
101 32
101 54
101 33
101 13
101 31
101 85
101 113
101 70
101 66
101 27
101 102
101 79
101 5
101 30
101 44
101 49
101 63
101 24
101 7
101 95
101 60
101 8
101 62
101 53
101 84
101 108
101 109
101 77
101 114
101 91
101 19
101 65
101 88
101 75
101 21
118 2
118 54
118 86
118 36
118 110
118 18
118 90
118 102
118 64
118 109
118 98
118 59
118 82
118 40
118 38
118 53
118 119
118 103
118 16
118 35
118 45
118 6
118 96
118 63
118 115
118 111
118 62
118 79
118 114
118 50
118 20
118 29
118 14
118 77
118 80
118 120
118 30
118 105
118 55
118 99
118 83
118 11
118 12
118 91
118 78
118 89
118 25
118 57
118 117
118 51
118 108
118 71
118 74
118 81
118 100
118 10
118 95
118 21
118 15
118 39
118 65
118 24
118 67
118 3
118 41
118 9
118 56
118 87
118 85
118 19
118 46
118 104
118 8
118 113
118 107
118 58
118 97
118 76
118 27
118 26
118 94
118 22
2 110
2 97
2 27
2 65
2 25
2 103
2 60
2 96
2 86
2 7
2 15
2 114
2 5
2 8
2 117
2 48
2 23
2 20
2 36
2 14
2 42
2 4
2 55
2 99
2 91
2 51
2 16
2 61
2 66
2 54
2 19
2 68
2 10
2 29
2 64
2 17
2 18
2 95
2 21
2 85
2 69
2 74
2 12
2 78
2 46
2 62
2 98
2 119
2 6
2 79
2 11
2 44
2 116
2 50
2 45
2 71
2 35
2 94
2 115
2 77
2 107
2 32
2 33
2 109
2 30
2 104
2 40
2 56
2 13
2 31
2 70
2 39
2 87
2 1
2 57
2 89
2 24
2 73
2 53
2 100
2 105
110 14
110 64
110 32
110 65
110 35
110 103
110 62
110 48
110 109
110 59
110 25
110 66
110 58
110 31
110 111
110 120
110 94
110 68
110 84
110 75
110 1
110 37
110 115
110 105
110 36
110 5
110 22
110 3
110 78
110 82
110 112
110 97
110 88
110 60
110 77
110 4
110 70
110 11
110 6
110 95
110 24
110 86
110 41
110 56
110 51
110 27
110 50
110 10
110 7
110 92
110 57
110 80
110 98
110 79
110 61
110 19
110 113
110 49
110 15
110 40
110 55
110 8
110 38
110 108
110 9
110 116
110 29
110 17
110 102
110 73
110 54
110 89
110 91
110 53
110 100
110 18
110 74
110 30
110 107
110 63
14 15
14 45
14 32
14 116
14 56
14 37
14 6
14 23
14 50
14 63
14 103
14 1
14 80
14 77
14 107
14 114
14 46
14 28
14 55
14 78
14 115
14 104
14 98
14 97
14 21
14 49
14 85
14 30
14 17
14 67
14 84
14 113
14 74
14 91
14 105
14 10
14 58
14 86
14 26
14 41
14 16
14 79
14 59
14 35
14 87
14 112
14 64
14 66
14 4
14 94
14 3
14 81
14 51
14 82
14 22
14 43
14 95
14 12
14 57
14 90
14 89
14 9
14 88
14 5
14 68
14 42
14 96
14 83
14 102
14 119
14 54
14 99
15 84
15 66
15 86
15 65
15 37
15 57
15 90
15 36
15 75
15 1
15 41
15 73
15 78
15 19
15 43
15 55
15 4
15 35
15 120
15 92
15 16
15 22
15 115
15 44
15 50
15 20
15 5
15 69
15 107
15 109
15 6
15 49
15 58
15 11
15 32
15 74
15 30
15 26
15 116
15 31
15 113
15 46
15 59
15 105
15 79
15 48
15 89
15 62
15 103
15 17
15 7
15 28
15 70
15 8
15 117
15 108
15 40
15 80
15 61
15 102
15 45
15 10
15 56
15 88
15 87
15 76
15 54
15 96
15 67
15 98
15 82
15 97
15 83
15 39
15 99
15 68
15 9
15 119
15 24
84 103
84 83
84 60
84 46
84 58
84 81
84 78
84 17
84 89
84 41
84 98
84 91
84 32
84 109
84 88
84 42
84 75
84 96
84 67
84 38
84 82
84 102
84 9
84 12
84 21
84 79
84 54
84 107
84 85
84 105
84 71
84 10
84 94
84 18
84 104
84 8
84 24
84 116
84 43
84 5
84 25
84 99
84 70
84 61
84 80
84 64
84 37
84 73
84 29
84 44
84 35
84 90
84 55
84 13
84 11
84 62
84 76
84 87
84 112
84 120
84 117
84 97
84 20
84 31
84 114
84 6
84 16
84 65
84 33
84 50
84 56
84 95
84 23
84 40
84 77
84 59
84 108
103 95
103 19
103 119
103 76
103 53
103 98
103 42
103 10
103 117
103 90
103 96
103 6
103 9
103 111
103 88
103 16
103 80
103 50
103 68
103 4
103 92
103 108
103 85
103 67
103 63
103 112
103 32
103 27
103 48
103 107
103 28
103 66
103 51
103 58
103 43
103 59
103 78
103 55
103 13
103 113
103 102
103 100
103 56
103 37
103 36
103 11
103 116
103 39
103 74
103 60
103 70
103 75
103 31
103 91
103 45
103 61
103 62
103 29
103 23
103 83
103 89
103 104
103 49
103 82
103 114
103 7
103 21
103 3
103 46
103 12
103 25
103 109
103 20
95 86
95 59
95 12
95 119
95 8
95 97
95 62
95 5
95 4
95 120
95 41
95 92
95 99
95 28
95 81
95 45
95 77
95 3
95 24
95 38
95 82
95 74
95 35
95 13
95 94
95 105
95 56
95 63
95 96
95 18
95 116
95 30
95 48
95 49
95 70
95 58
95 100
95 21
95 66
95 6
95 19
95 39
95 87
95 109
95 57
95 69
95 90
95 17
95 65
95 1
95 88
95 25
95 68
95 76
95 64
95 26
95 20
95 112
95 10
95 29
95 78
95 114
95 23
95 16
95 61
95 51
95 104
95 98
95 80
95 7
95 37
95 27
95 40
95 43
95 32
86 60
86 98
86 30
86 22
86 94
86 38
86 108
86 16
86 41
86 89
86 4
86 37
86 9
86 81
86 25
86 88
86 3
86 85
86 79
86 18
86 113
86 19
86 45
86 92
86 31
86 28
86 53
86 20
86 71
86 29
86 51
86 13
86 58
86 69
86 32
86 107
86 48
86 117
86 1
86 56
86 78
86 82
86 66
86 64
86 27
86 97
86 120
86 43
86 111
86 46
86 10
86 8
86 62
86 21
86 17
86 50
86 59
86 99
86 23
86 80
86 115
86 119
86 36
86 26
86 91
86 87
86 40
86 5
60 90
60 69
60 71
60 27
60 35
60 85
60 96
60 41
60 11
60 54
60 7
60 16
60 119
60 89
60 26
60 37
60 63
60 19
60 68
60 62
60 39
60 55
60 111
60 100
60 33
60 87
60 116
60 21
60 10
60 70
60 114
60 94
60 117
60 98
60 23
60 56
60 76
60 115
60 81
60 28
60 4
60 108
60 75
60 67
60 59
60 5
60 92
60 42
60 49
60 58
60 102
60 18
60 24
60 25
60 38
60 65
60 53
60 9
60 29
60 61
60 73
60 51
60 1
60 113
60 120
60 64
60 50
90 59
90 19
90 113
90 30
90 31
90 35
90 10
90 73
90 108
90 29
90 58
90 79
90 119
90 85
90 65
90 69
90 112
90 96
90 116
90 98
90 25
90 7
90 33
90 20
90 41
90 81
90 37
90 40
90 49
90 78
90 71
90 92
90 107
90 74
90 109
90 82
90 48
90 102
90 38
90 67
90 4
90 39
90 53
90 89
90 70
90 88
90 9
90 97
90 63
90 99
90 56
90 6
90 62
90 104
90 28
90 105
90 61
90 87
90 111
90 76
90 5
90 100
90 51
90 64
90 36
90 77
90 26
90 57
90 117
90 44
90 66
90 55
90 27
90 17
90 94
59 5
59 33
59 41
59 44
59 28
59 31
59 109
59 92
59 78
59 20
59 8
59 51
59 49
59 81
59 45
59 114
59 79
59 43
59 119
59 57
59 64
59 113
59 29
59 83
59 58
59 26
59 53
59 105
59 11
59 1
59 70
59 23
59 6
59 87
59 111
59 38
59 94
59 108
59 32
59 17
59 104
59 99
59 107
59 96
59 12
59 55
59 68
59 10
59 21
59 24
59 71
59 67
59 22
59 82
59 30
59 48
59 7
59 46
59 76
59 74
59 19
59 115
59 63
59 37
59 56
59 4
59 65
59 69
59 88
5 32
5 36
5 3
5 111
5 7
5 94
5 9
5 88
5 83
5 113
5 63
5 66
5 61
5 98
5 38
5 109
5 31
5 117
5 102
5 114
5 99
5 26
5 46
5 11
5 10
5 64
5 81
5 107
5 54
5 85
5 74
5 75
5 69
5 79
5 4
5 112
5 104
5 53
5 17
5 30
5 12
5 22
5 73
5 71
5 67
5 23
5 49
5 51
5 65
5 50
5 58
5 40
5 62
5 41
5 27
5 96
5 57
5 37
5 25
5 68
5 77
5 97
5 115
5 105
5 56
5 87
5 13
5 16
5 8
32 112
32 87
32 44
32 69
32 56
32 88
32 70
32 81
32 1
32 94
32 54
32 117
32 108
32 46
32 66
32 75
32 9
32 12
32 85
32 51
32 41
32 91
32 31
32 92
32 102
32 19
32 62
32 73
32 33
32 43
32 63
32 79
32 16
32 36
32 35
32 68
32 42
32 45
32 24
32 28
32 109
32 98
32 71
32 22
32 119
32 11
32 100
32 82
32 50
32 114
32 55
32 21
32 29
32 23
32 49
32 96
32 113
32 27
32 74
32 38
32 25
32 97
32 80
32 53
32 115
32 4
32 120
32 105
32 30
112 116
112 19
112 29
112 58
112 66
112 38
112 27
112 70
112 48
112 96
112 92
112 104
112 61
112 50
112 11
112 69
112 102
112 77
112 88
112 82
112 73
112 79
112 24
112 43
112 74
112 91
112 80
112 26
112 13
112 16
112 87
112 28
112 108
112 63
112 22
112 62
112 10
112 78
112 9
112 75
112 21
112 6
112 64
112 37
112 83
112 23
112 81
112 97
112 1
112 71
112 17
112 33
112 7
112 113
112 67
112 98
112 111
112 85
112 3
112 55
112 20
112 109
112 53
112 41
112 105
116 56
116 78
116 13
116 80
116 55
116 63
116 114
116 38
116 23
116 79
116 115
116 54
116 49
116 98
116 6
116 102
116 81
116 21
116 76
116 92
116 42
116 57
116 35
116 83
116 94
116 46
116 82
116 70
116 85
116 20
116 89
116 45
116 71
116 31
116 43
116 74
116 75
116 48
116 10
116 62
116 22
116 3
116 26
116 91
116 8
116 27
116 37
116 105
116 69
116 39
116 41
116 58
116 119
116 88
116 113
116 77
116 16
116 61
116 107
116 104
116 19
116 67
116 111
116 44
116 30
116 108
116 50
116 4
116 64
116 117
116 66
56 43
56 8
56 111
56 105
56 85
56 19
56 89
56 104
56 97
56 55
56 16
56 91
56 28
56 81
56 120
56 6
56 37
56 62
56 75
56 98
56 31
56 88
56 54
56 24
56 69
56 73
56 65
56 109
56 30
56 64
56 68
56 83
56 27
56 100
56 96
56 42
56 51
56 12
56 38
56 20
56 114
56 11
56 57
56 79
56 70
56 41
56 99
56 119
56 29
56 58
56 50
56 13
56 108
56 77
56 1
56 92
56 21
56 66
56 63
56 36
56 9
56 115
43 55
43 20
43 25
43 51
43 89
43 114
43 79
43 28
43 104
43 115
43 22
43 1
43 53
43 77
43 80
43 27
43 71
43 30
43 33
43 75
43 94
43 45
43 39
43 3
43 38
43 31
43 9
43 97
43 58
43 49
43 70
43 74
43 48
43 46
43 111
43 37
43 102
43 82
43 17
43 83
43 29
43 69
43 50
43 81
43 13
43 68
43 85
43 44
43 66
43 78
43 40
43 35
43 57
43 26
43 92
43 119
43 54
43 65
43 100
43 120
43 19
43 117
43 109
43 63
43 88
43 105
43 62
55 96
55 75
55 6
55 77
55 8
55 99
55 12
55 91
55 16
55 33
55 4
55 94
55 98
55 10
55 26
55 35
55 109
55 70
55 66
55 21
55 65
55 11
55 19
55 69
55 61
55 44
55 53
55 1
55 64
55 107
55 36
55 117
55 46
55 76
55 29
55 27
55 88
55 108
55 31
55 104
55 13
55 30
55 51
55 54
55 73
55 114
55 38
55 74
55 45
55 3
55 115
55 24
55 50
55 57
55 111
55 42
55 39
55 23
55 113
55 28
55 97
55 40
55 58
55 17
55 82
55 18
55 80
55 71
96 64
96 51
96 109
96 119
96 83
96 40
96 114
96 63
96 1
96 62
96 19
96 25
96 115
96 45
96 35
96 108
96 61
96 117
96 58
96 9
96 42
96 87
96 41
96 46
96 39
96 97
96 54
96 7
96 102
96 85
96 36
96 94
96 76
96 18
96 28
96 16
96 69
96 82
96 74
96 31
96 105
96 53
96 65
96 92
96 6
96 3
96 8
96 26
96 20
96 27
96 49
96 21
96 120
96 66
96 91
96 29
96 107
96 88
96 12
96 4
96 77
96 37
96 67
96 75
96 30
96 50
96 10
96 70
96 81
96 71
64 28
64 29
64 16
64 88
64 114
64 21
64 99
64 48
64 25
64 120
64 24
64 45
64 35
64 12
64 41
64 57
64 76
64 105
64 36
64 74
64 102
64 33
64 81
64 104
64 87
64 98
64 78
64 77
64 22
64 92
64 1
64 66
64 11
64 23
64 13
64 83
64 49
64 75
64 50
64 6
64 9
64 82
64 109
64 51
64 4
64 7
64 65
64 100
64 67
64 62
64 97
64 42
64 58
64 115
64 89
64 71
64 85
64 107
64 10
64 37
64 30
64 119
28 70
28 24
28 13
28 31
28 104
28 61
28 6
28 74
28 80
28 105
28 22
28 88
28 114
28 53
28 48
28 37
28 57
28 40
28 98
28 17
28 63
28 20
28 18
28 7
28 26
28 89
28 44
28 92
28 78
28 65
28 120
28 21
28 36
28 11
28 33
28 113
28 39
28 4
28 30
28 91
28 75
28 25
28 108
28 1
28 117
28 115
28 67
28 107
28 54
28 82
28 66
28 99
28 111
28 100
28 49
28 109
28 83
28 3
28 77
28 81
28 94
28 42
28 45
28 16
28 38
28 12
28 23
70 48
70 100
70 79
70 41
70 16
70 74
70 27
70 10
70 75
70 4
70 29
70 105
70 51
70 104
70 67
70 9
70 22
70 94
70 62
70 99
70 57
70 69
70 82
70 91
70 18
70 108
70 12
70 37
70 73
70 26
70 54
70 81
70 25
70 36
70 113
70 71
70 111
70 23
70 1
70 98
70 119
70 35
70 17
70 49
70 61
70 87
70 3
70 7
70 33
70 88
70 53
70 80
70 40
70 77
70 46
70 13
70 92
70 89
70 83
70 114
48 19
48 45
48 81
48 11
48 54
48 119
48 41
48 68
48 79
48 80
48 36
48 24
48 22
48 76
48 29
48 1
48 49
48 114
48 57
48 69
48 75
48 9
48 89
48 71
48 117
48 108
48 6
48 78
48 13
48 91
48 99
48 77
48 12
48 111
48 38
48 3
48 58
48 44
48 42
48 105
48 26
48 10
48 92
48 51
48 39
48 35
48 83
48 113
48 63
48 102
48 37
48 33
48 115
48 27
48 21
48 61
48 23
48 107
48 30
48 94
48 53
48 40
48 98
48 100
48 18
48 20
19 73
19 16
19 66
19 109
19 114
19 13
19 61
19 80
19 1
19 111
19 10
19 9
19 102
19 65
19 67
19 49
19 11
19 115
19 81
19 71
19 38
19 69
19 45
19 35
19 46
19 18
19 75
19 4
19 77
19 31
19 79
19 92
19 97
19 119
19 44
19 100
19 94
19 83
19 99
19 91
19 6
19 87
19 62
19 98
19 30
19 29
19 12
19 25
19 24
19 57
19 78
19 74
19 50
19 17
19 104
19 37
19 51
19 113
19 8
19 53
19 117
19 41
19 23
19 21
19 89
19 33
19 22
73 1
73 94
73 30
73 45
73 71
73 6
73 65
73 108
73 113
73 31
73 80
73 10
73 26
73 49
73 13
73 91
73 82
73 78
73 69
73 61
73 33
73 3
73 16
73 41
73 111
73 109
73 24
73 81
73 89
73 99
73 4
73 38
73 98
73 20
73 40
73 44
73 87
73 79
73 85
73 58
73 29
73 21
73 120
73 67
73 42
73 12
73 23
73 8
73 54
73 117
73 53
73 62
73 100
73 92
73 75
73 46
73 17
73 104
73 11
73 25
73 63
1 119
1 117
1 100
1 51
1 62
1 17
1 78
1 16
1 30
1 76
1 94
1 39
1 40
1 23
1 29
1 36
1 99
1 11
1 25
1 21
1 37
1 18
1 109
1 38
1 33
1 24
1 49
1 63
1 69
1 97
1 88
1 50
1 44
1 85
1 13
1 91
1 107
1 115
1 67
1 22
1 108
1 35
1 105
1 66
1 10
1 12
1 53
1 54
1 102
1 113
1 98
1 31
1 4
1 20
1 120
1 46
1 81
1 26
1 92
1 27
119 57
119 85
119 109
119 79
119 77
119 33
119 61
119 31
119 68
119 58
119 88
119 69
119 89
119 120
119 50
119 20
119 22
119 21
119 114
119 74
119 63
119 98
119 104
119 108
119 18
119 83
119 51
119 117
119 67
119 54
119 26
119 82
119 10
119 80
119 17
119 9
119 25
119 24
119 94
119 99
119 111
119 35
119 65
119 92
119 30
119 37
119 105
119 76
119 78
119 62
119 8
119 7
119 13
119 71
119 46
119 53
119 100
119 41
119 91
57 44
57 45
57 104
57 71
57 67
57 50
57 62
57 89
57 16
57 108
57 100
57 97
57 18
57 30
57 33
57 69
57 22
57 102
57 74
57 58
57 42
57 81
57 61
57 36
57 41
57 98
57 17
57 3
57 115
57 13
57 109
57 65
57 82
57 53
57 91
57 83
57 9
57 92
57 76
57 80
57 51
57 117
57 87
57 85
57 10
57 11
57 40
57 78
57 88
57 114
57 120
57 37
57 66
57 79
57 38
57 39
57 75
44 54
44 92
44 22
44 63
44 26
44 18
44 24
44 45
44 80
44 12
44 25
44 81
44 74
44 107
44 17
44 8
44 71
44 33
44 6
44 102
44 98
44 65
44 82
44 75
44 10
44 88
44 49
44 20
44 115
44 11
44 91
44 42
44 50
44 69
44 117
44 111
44 41
44 4
44 40
44 3
44 77
44 58
44 97
44 76
44 29
44 51
44 78
44 16
44 87
44 68
44 53
44 114
54 102
54 71
54 77
54 108
54 87
54 20
54 40
54 21
54 66
54 62
54 61
54 75
54 37
54 68
54 82
54 18
54 8
54 111
54 38
54 98
54 104
54 53
54 67
54 25
54 4
54 83
54 7
54 120
54 76
54 41
54 91
54 100
54 107
54 12
54 17
54 115
54 9
54 35
54 50
54 63
54 6
54 113
54 69
54 88
54 51
54 81
54 105
54 45
54 36
54 99
54 89
54 74
54 24
54 42
54 33
54 80
54 79
54 23
102 97
102 104
102 16
102 51
102 46
102 63
102 20
102 26
102 13
102 74
102 99
102 107
102 4
102 85
102 30
102 53
102 58
102 25
102 42
102 21
102 83
102 100
102 6
102 88
102 68
102 117
102 39
102 115
102 108
102 65
102 105
102 9
102 36
102 79
102 87
102 82
102 67
102 69
102 120
102 37
102 17
102 80
102 78
102 41
102 29
102 45
102 3
102 22
102 109
102 89
102 94
102 40
102 77
97 94
97 82
97 21
97 4
97 120
97 79
97 114
97 89
97 33
97 16
97 58
97 11
97 23
97 22
97 53
97 98
97 87
97 66
97 99
97 111
97 78
97 10
97 49
97 68
97 30
97 109
97 45
97 80
97 62
97 20
97 31
97 74
97 42
97 85
97 50
97 91
97 12
97 77
97 18
97 27
97 104
97 83
97 107
97 71
97 108
97 41
97 29
97 63
97 88
97 81
97 17
97 9
97 51
97 6
97 24
97 3
97 38
97 69
97 100
97 7
97 105
97 37
97 113
94 22
94 17
94 67
94 29
94 58
94 9
94 36
94 3
94 45
94 11
94 69
94 100
94 82
94 68
94 12
94 117
94 37
94 115
94 91
94 87
94 20
94 25
94 88
94 80
94 18
94 42
94 27
94 10
94 63
94 49
94 30
94 81
94 108
94 85
94 7
94 50
94 33
94 23
94 109
94 31
94 40
94 24
94 65
94 79
94 76
94 107
94 46
94 99
94 53
94 113
94 6
94 75
94 111
94 62
94 38
94 71
94 26
94 92
94 51
22 99
22 40
22 111
22 23
22 12
22 13
22 37
22 4
22 83
22 81
22 76
22 33
22 42
22 18
22 21
22 66
22 50
22 91
22 74
22 85
22 89
22 27
22 26
22 7
22 98
22 87
22 16
22 104
22 36
22 105
22 45
22 63
22 88
22 46
22 53
22 108
22 58
22 117
22 78
22 8
22 79
22 65
22 31
22 11
22 92
22 100
22 29
22 114
22 109
22 49
22 24
99 92
99 50
99 40
99 16
99 68
99 65
99 20
99 53
99 21
99 66
99 100
99 10
99 108
99 18
99 42
99 85
99 91
99 17
99 24
99 104
99 29
99 89
99 114
99 111
99 23
99 87
99 6
99 35
99 109
99 63
99 81
99 77
99 98
99 37
99 31
99 9
99 39
99 75
99 30
99 58
99 80
99 49
99 83
99 36
99 33
99 41
99 4
99 26
99 46
99 62
99 113
99 76
99 38
99 71
99 27
92 117
92 42
92 71
92 114
92 91
92 120
92 83
92 63
92 18
92 7
92 87
92 4
92 66
92 26
92 98
92 8
92 78
92 53
92 77
92 88
92 12
92 75
92 45
92 111
92 46
92 20
92 24
92 79
92 67
92 21
92 65
92 76
92 30
92 31
92 29
92 62
92 58
92 81
92 115
92 89
92 50
92 74
92 105
92 11
92 10
92 38
92 39
92 82
92 6
92 36
92 108
92 80
117 89
117 35
117 107
117 100
117 6
117 80
117 75
117 67
117 25
117 40
117 23
117 26
117 9
117 42
117 105
117 98
117 53
117 104
117 13
117 8
117 3
117 62
117 18
117 36
117 77
117 16
117 63
117 20
117 39
117 31
117 17
117 69
117 10
117 115
117 61
117 24
117 21
117 51
117 65
117 37
117 33
117 81
117 87
117 29
117 38
117 49
117 82
117 79
117 58
117 83
117 74
117 85
117 4
117 88
89 69
89 85
89 80
89 63
89 21
89 49
89 107
89 13
89 120
89 111
89 41
89 38
89 7
89 51
89 11
89 6
89 46
89 71
89 40
89 113
89 74
89 45
89 81
89 61
89 42
89 25
89 87
89 105
89 79
89 30
89 68
89 76
89 114
89 53
89 31
89 26
89 78
89 29
89 100
89 108
89 91
89 18
89 20
89 88
89 115
89 104
89 12
89 27
89 16
89 9
89 62
69 91
69 78
69 65
69 63
69 31
69 75
69 20
69 71
69 85
69 7
69 50
69 42
69 45
69 46
69 29
69 111
69 66
69 74
69 13
69 35
69 38
69 25
69 41
69 82
69 79
69 12
69 24
69 107
69 114
69 23
69 6
69 21
69 105
69 11
69 87
69 33
69 115
69 18
69 30
69 58
69 120
69 88
69 10
69 61
91 85
91 83
91 29
91 58
91 20
91 98
91 36
91 38
91 49
91 35
91 25
91 77
91 3
91 50
91 111
91 76
91 31
91 66
91 41
91 12
91 23
91 51
91 68
91 63
91 105
91 114
91 37
91 107
91 21
91 6
91 24
91 16
91 62
91 67
91 109
91 120
91 10
91 108
91 27
91 46
91 40
91 113
91 75
91 39
91 30
91 9
91 45
91 71
91 78
91 115
91 65
85 7
85 13
85 98
85 10
85 62
85 21
85 68
85 24
85 100
85 65
85 9
85 87
85 76
85 71
85 4
85 16
85 109
85 42
85 49
85 111
85 88
85 18
85 33
85 27
85 104
85 120
85 61
85 3
85 78
85 67
85 31
85 50
85 114
85 23
85 79
85 26
85 17
85 81
85 83
85 6
85 46
85 75
85 8
85 41
85 63
85 53
85 108
7 104
7 12
7 40
7 74
7 50
7 83
7 65
7 36
7 98
7 9
7 107
7 77
7 41
7 53
7 49
7 58
7 66
7 115
7 8
7 82
7 17
7 105
7 37
7 31
7 21
7 75
7 87
7 76
7 24
7 29
7 26
7 38
7 20
7 71
7 81
7 33
7 61
7 113
7 78
7 80
7 4
7 35
7 10
104 21
104 31
104 3
104 18
104 76
104 68
104 83
104 41
104 33
104 105
104 62
104 17
104 16
104 27
104 37
104 58
104 30
104 39
104 71
104 80
104 75
104 108
104 24
104 50
104 78
104 74
104 38
104 26
104 53
104 35
104 98
104 115
104 77
104 8
104 81
104 40
104 6
104 23
104 49
104 107
104 109
104 9
104 13
104 63
104 114
104 51
104 29
21 77
21 38
21 36
21 105
21 51
21 109
21 23
21 29
21 65
21 45
21 108
21 16
21 26
21 68
21 66
21 79
21 9
21 41
21 42
21 120
21 114
21 58
21 8
21 50
21 27
21 63
21 49
21 18
21 31
21 80
21 78
21 107
21 35
21 113
21 74
21 111
21 12
21 20
21 53
21 83
21 6
21 39
21 71
21 37
21 76
21 10
77 10
77 87
77 100
77 33
77 8
77 58
77 74
77 53
77 16
77 107
77 82
77 49
77 45
77 41
77 115
77 109
77 79
77 12
77 71
77 65
77 6
77 30
77 75
77 63
77 31
77 26
77 61
77 62
77 11
77 36
77 80
77 51
77 113
77 88
77 13
77 35
77 3
77 4
77 17
77 29
10 58
10 68
10 27
10 111
10 11
10 4
10 66
10 80
10 33
10 37
10 18
10 3
10 83
10 50
10 26
10 41
10 76
10 75
10 42
10 67
10 53
10 29
10 62
10 114
10 61
10 74
10 23
10 87
10 109
10 81
10 20
10 82
10 113
10 71
10 9
10 6
10 79
10 98
10 78
10 51
10 40
10 24
10 8
10 17
10 31
10 46
10 120
10 38
10 108
10 100
58 53
58 100
58 30
58 82
58 81
58 3
58 50
58 67
58 20
58 66
58 11
58 62
58 78
58 9
58 46
58 65
58 107
58 24
58 29
58 27
58 114
58 76
58 37
58 41
58 17
58 120
58 33
58 61
58 113
58 23
58 8
58 68
58 80
58 16
58 115
58 111
58 6
58 74
58 88
58 45
58 75
58 25
58 71
58 51
58 4
53 78
53 27
53 75
53 38
53 8
53 82
53 49
53 29
53 30
53 98
53 4
53 37
53 41
53 80
53 62
53 113
53 46
53 71
53 66
53 83
53 42
53 105
53 6
53 68
53 36
53 13
53 65
53 61
53 115
53 40
53 11
53 9
53 51
53 79
53 35
53 63
53 25
53 109
53 120
53 76
53 45
53 50
53 39
53 26
53 23
53 114
53 111
53 100
53 67
53 107
78 79
78 38
78 9
78 51
78 46
78 87
78 35
78 83
78 16
78 8
78 67
78 26
78 29
78 27
78 61
78 74
78 82
78 109
78 62
78 18
78 76
78 50
78 105
78 113
78 13
78 81
78 100
78 17
78 11
78 41
78 6
78 88
78 37
78 42
78 75
78 107
78 108
78 65
78 12
78 63
78 98
78 24
78 20
78 31
78 80
79 38
79 42
79 13
79 114
79 41
79 31
79 20
79 105
79 80
79 11
79 115
79 23
79 76
79 4
79 37
79 12
79 113
79 33
79 24
79 65
79 98
79 50
79 16
79 9
79 6
79 18
79 100
79 75
79 87
79 67
79 40
79 62
79 109
79 82
79 61
79 8
79 29
79 25
79 30
79 120
79 51
79 81
38 105
38 35
38 74
38 6
38 87
38 114
38 30
38 80
38 68
38 49
38 8
38 71
38 62
38 24
38 83
38 26
38 81
38 9
38 50
38 109
38 111
38 4
38 45
38 82
38 18
38 67
38 3
38 27
38 120
38 108
38 36
38 65
38 107
38 66
38 25
38 115
38 75
38 39
38 12
38 40
38 88
38 13
38 63
105 113
105 74
105 107
105 23
105 66
105 26
105 17
105 12
105 24
105 98
105 46
105 63
105 87
105 16
105 8
105 50
105 65
105 114
105 30
105 80
105 31
105 33
105 37
105 4
105 111
105 39
105 27
105 18
105 3
105 81
105 36
105 75
105 71
105 13
105 42
105 115
105 61
105 45
105 51
105 40
105 6
105 62
105 82
105 35
113 76
113 42
113 13
113 65
113 87
113 98
113 12
113 16
113 71
113 29
113 75
113 3
113 27
113 120
113 88
113 45
113 80
113 74
113 49
113 17
113 63
113 50
113 39
113 115
113 9
113 81
113 68
113 82
113 35
113 66
113 41
113 11
113 25
113 8
113 33
113 30
113 100
113 40
113 18
113 23
113 36
113 26
113 6
113 46
113 67
76 13
76 109
76 49
76 71
76 25
76 3
76 42
76 41
76 4
76 120
76 81
76 12
76 26
76 29
76 46
76 68
76 83
76 9
76 6
76 35
76 39
76 87
76 45
76 30
76 108
76 33
76 66
76 36
76 98
76 51
76 65
76 16
76 80
76 24
76 88
76 111
76 11
76 67
76 100
76 27
76 82
13 120
13 8
13 51
13 82
13 25
13 50
13 75
13 45
13 114
13 23
13 36
13 87
13 29
13 81
13 71
13 66
13 67
13 49
13 40
13 16
13 26
13 6
13 17
13 30
13 98
13 109
13 9
13 42
13 115
13 108
13 74
13 61
13 62
13 4
13 80
13 107
13 65
13 83
13 33
13 31
120 33
120 51
120 82
120 37
120 67
120 16
120 81
120 25
120 42
120 71
120 29
120 107
120 75
120 36
120 45
120 98
120 88
120 23
120 61
120 27
120 24
120 111
120 18
120 30
120 20
120 50
120 62
120 68
120 41
120 87
120 80
120 6
33 23
33 109
33 3
33 36
33 31
33 111
33 50
33 6
33 100
33 37
33 62
33 24
33 81
33 11
33 68
33 83
33 87
33 67
33 114
33 49
33 82
33 46
33 42
33 27
33 40
33 88
33 108
33 71
33 8
33 75
33 18
33 63
33 25
33 16
33 9
33 107
33 12
33 61
33 17
23 62
23 109
23 41
23 98
23 27
23 80
23 4
23 9
23 39
23 81
23 115
23 61
23 11
23 35
23 31
23 100
23 24
23 88
23 51
23 12
23 65
23 107
23 108
23 75
23 68
23 49
23 18
23 30
23 87
23 67
23 6
23 71
23 50
23 83
23 63
23 114
62 16
62 11
62 109
62 74
62 51
62 39
62 27
62 41
62 36
62 40
62 75
62 61
62 63
62 45
62 35
62 20
62 67
62 26
62 3
62 6
62 29
62 31
62 24
62 115
62 71
62 18
62 17
62 107
62 50
62 30
62 68
62 82
62 100
62 87
62 9
62 111
62 49
62 37
16 83
16 35
16 25
16 45
16 29
16 88
16 8
16 108
16 9
16 114
16 65
16 11
16 4
16 81
16 71
16 63
16 51
16 39
16 107
16 41
16 3
16 75
16 27
16 49
16 61
16 115
16 50
16 66
16 36
16 18
16 26
16 80
16 67
16 98
16 68
16 74
83 100
83 111
83 63
83 29
83 114
83 87
83 65
83 61
83 88
83 80
83 46
83 24
83 41
83 37
83 74
83 108
83 18
83 50
83 20
83 25
83 26
83 67
83 9
83 45
83 27
83 107
83 31
83 98
83 115
83 66
83 3
83 42
83 49
83 36
83 109
83 8
83 17
100 4
100 37
100 20
100 50
100 42
100 12
100 6
100 27
100 3
100 67
100 25
100 82
100 109
100 63
100 36
100 35
100 24
100 107
100 51
100 18
100 74
100 87
100 17
100 88
100 41
100 81
100 71
4 109
4 74
4 41
4 82
4 17
4 45
4 115
4 11
4 26
4 114
4 108
4 30
4 51
4 25
4 12
4 36
4 8
4 3
4 20
4 65
4 87
4 31
4 98
4 29
4 37
4 67
4 68
4 81
4 66
4 49
4 6
4 88
4 42
4 18
4 61
4 107
109 49
109 67
109 114
109 68
109 42
109 51
109 35
109 6
109 45
109 18
109 30
109 12
109 31
109 81
109 63
109 3
109 111
109 29
109 8
109 25
109 26
109 50
109 40
109 36
109 88
109 74
109 24
109 107
109 115
109 20
109 11
109 46
109 17
109 66
109 108
109 75
49 18
49 67
49 41
49 35
49 39
49 82
49 107
49 46
49 12
49 65
49 6
49 9
49 61
49 29
49 40
49 42
49 3
49 63
49 25
49 108
49 31
49 24
49 81
49 80
49 114
49 11
49 51
49 111
49 20
49 50
49 17
49 71
49 27
49 115
49 8
49 45
18 111
18 75
18 42
18 87
18 6
18 68
18 51
18 67
18 40
18 114
18 3
18 17
18 9
18 29
18 82
18 45
18 35
18 11
18 20
18 88
18 63
18 39
18 25
18 74
18 98
18 61
18 36
18 24
18 41
18 8
18 26
18 37
18 81
18 66
111 46
111 67
111 65
111 8
111 87
111 61
111 35
111 37
111 17
111 40
111 36
111 11
111 3
111 51
111 82
111 63
111 30
111 6
111 27
111 68
111 31
111 12
111 107
111 26
111 108
111 50
111 45
111 39
46 65
46 9
46 108
46 31
46 80
46 17
46 71
46 8
46 36
46 81
46 25
46 51
46 39
46 6
46 42
46 88
46 24
46 35
46 67
46 63
46 107
46 30
46 82
46 45
46 11
46 26
46 115
46 20
46 87
46 75
46 98
65 71
65 108
65 37
65 29
65 68
65 107
65 40
65 67
65 36
65 8
65 75
65 50
65 88
65 27
65 11
65 17
65 98
65 31
65 66
65 80
65 6
65 61
65 41
65 20
65 114
65 74
65 42
65 9
65 30
71 35
71 81
71 25
71 12
71 45
71 8
71 3
71 80
71 26
71 63
71 114
71 88
71 30
71 115
71 9
71 107
71 42
71 98
71 20
71 74
71 50
71 82
71 41
71 27
71 6
71 66
71 37
71 29
71 61
71 68
71 51
35 45
35 25
35 27
35 114
35 8
35 42
35 51
35 88
35 30
35 61
35 3
35 11
35 41
35 24
35 40
35 87
35 50
35 20
35 67
35 68
35 26
35 31
35 74
35 9
35 12
35 66
35 107
35 29
35 80
35 37
35 17
35 81
45 17
45 31
45 3
45 50
45 24
45 37
45 107
45 51
45 39
45 61
45 81
45 98
45 75
45 12
45 6
45 20
45 29
45 82
45 9
45 68
45 42
17 31
17 98
17 40
17 67
17 9
17 37
17 12
17 63
17 30
17 74
17 75
17 8
17 26
17 39
17 24
17 11
17 42
17 51
17 87
17 81
17 36
17 29
17 68
17 20
17 66
17 27
17 88
17 114
17 108
31 20
31 98
31 25
31 75
31 8
31 11
31 115
31 80
31 61
31 24
31 82
31 51
31 67
31 74
31 12
31 63
31 68
31 6
31 66
31 37
31 27
31 50
31 9
31 30
31 41
20 50
20 11
20 27
20 88
20 115
20 63
20 75
20 80
20 3
20 30
20 8
20 12
20 42
20 25
20 24
20 66
20 82
20 61
20 74
20 29
20 36
20 26
20 51
20 6
20 81
20 107
50 80
50 36
50 115
50 74
50 12
50 63
50 30
50 82
50 29
50 81
50 11
50 66
50 24
50 98
50 51
50 25
50 108
50 75
50 37
50 67
50 42
50 41
50 68
50 6
50 39
50 8
50 3
50 61
50 27
80 8
80 24
80 115
80 81
80 42
80 36
80 88
80 61
80 75
80 87
80 107
80 67
80 68
80 6
80 51
80 27
80 63
80 3
80 11
80 108
80 26
80 114
8 114
8 3
8 12
8 88
8 26
8 27
8 11
8 98
8 9
8 81
8 75
8 61
8 63
8 66
8 115
8 24
8 74
8 40
8 51
8 82
8 30
8 42
8 87
8 41
114 40
114 82
114 66
114 12
114 108
114 37
114 115
114 88
114 75
114 68
114 30
114 107
114 61
114 98
114 6
114 26
114 81
114 51
114 63
114 39
114 36
114 27
114 3
114 11
114 41
40 24
40 30
40 82
40 115
40 37
40 75
40 25
40 41
40 42
40 9
40 3
40 27
40 6
40 26
40 36
40 87
40 39
40 51
40 12
40 81
40 74
40 108
40 61
24 6
24 87
24 66
24 82
24 67
24 36
24 107
24 11
24 108
24 37
24 63
24 25
24 81
24 3
24 27
24 88
24 115
24 42
24 12
24 30
24 61
24 41
24 75
24 26
24 51
6 39
6 87
6 51
6 12
6 37
6 41
6 68
6 81
6 75
6 26
6 25
6 61
6 29
6 63
39 74
39 37
39 75
39 66
39 11
39 29
39 61
39 67
39 30
39 27
39 87
39 51
39 63
39 41
39 82
39 9
39 108
39 3
39 36
39 12
74 68
74 63
74 51
74 108
74 75
74 42
74 29
74 66
74 26
74 30
74 88
74 27
74 9
74 87
74 12
74 98
74 81
74 67
74 82
74 107
74 11
74 37
74 3
68 41
68 67
68 61
68 9
68 12
68 36
68 51
68 75
68 27
68 66
68 37
68 88
68 81
68 11
68 42
68 115
68 107
68 82
68 3
41 67
41 30
41 9
41 88
41 61
41 42
41 26
41 11
41 37
41 81
41 29
41 115
41 36
41 98
41 25
41 27
41 12
41 3
41 108
41 66
41 51
67 108
67 27
67 81
67 26
67 9
67 36
67 88
67 51
67 75
67 29
67 3
67 82
67 61
67 25
67 42
67 87
67 30
67 12
67 63
67 11
67 107
108 25
108 81
108 9
108 115
108 88
108 26
108 87
108 27
108 107
108 11
108 82
108 66
108 61
108 75
108 98
108 37
25 51
25 12
25 75
25 3
25 11
25 42
25 61
25 81
25 98
25 36
25 66
25 26
25 87
25 63
25 82
25 107
25 30
25 88
25 27
25 115
25 37
51 26
51 11
51 66
51 115
51 98
51 63
51 30
51 75
51 107
51 61
51 87
51 36
51 27
51 81
51 88
51 82
51 12
51 9
26 98
26 87
26 30
26 82
26 11
26 107
26 42
26 27
26 75
26 115
26 12
26 66
26 3
26 37
98 30
98 107
98 36
98 63
98 87
98 27
98 61
98 82
98 42
98 66
98 37
30 107
30 61
30 3
30 87
30 42
30 82
30 12
30 36
30 88
30 29
30 115
30 37
30 81
107 27
107 61
107 82
107 9
107 3
107 12
107 115
107 11
107 81
107 36
107 87
107 66
107 37
107 42
107 88
107 63
27 115
27 88
27 3
27 42
27 9
27 87
27 36
27 29
27 12
27 75
27 37
27 61
27 81
115 11
115 66
115 29
115 9
115 42
115 3
115 82
115 12
115 81
11 82
11 75
11 66
11 81
11 42
11 37
11 12
11 9
11 87
11 29
11 88
11 3
82 61
82 87
82 36
82 37
82 66
82 63
82 88
82 3
61 87
61 88
61 63
61 81
61 29
61 9
61 36
61 12
61 75
87 12
87 9
87 42
87 29
87 75
87 3
87 36
87 66
12 9
12 29
12 88
12 75
12 36
12 66
12 42
12 81
12 3
12 37
9 81
9 88
9 36
9 63
9 66
9 42
9 75
81 29
81 3
81 63
81 37
81 42
29 75
29 36
29 42
29 3
29 88
75 66
75 37
75 3
75 88
66 63
66 37
66 3
66 36
66 42
63 88
63 36
63 42
63 37
88 42
88 37
42 37
37 36
36 3
