26 55
26 65
26 58
26 92
26 28
26 18
26 60
26 94
26 68
26 17
26 4
26 16
26 20
26 42
26 80
26 100
26 73
26 97
26 74
26 13
26 87
26 72
26 38
26 40
26 35
26 59
26 53
26 24
26 23
26 41
26 70
26 31
26 93
26 44
26 14
26 52
26 45
26 54
26 66
26 99
26 51
26 61
26 95
26 56
26 21
26 6
26 10
26 82
26 84
26 86
26 91
26 43
26 49
26 12
26 32
26 30
26 62
26 88
26 48
26 5
26 50
26 81
26 77
26 75
26 96
26 34
26 36
26 27
65 6
65 53
65 84
65 29
65 100
65 31
65 85
65 40
65 21
65 67
65 54
65 76
65 20
65 90
65 72
65 14
65 60
65 23
65 83
65 71
65 73
65 77
65 35
65 80
65 79
65 99
65 37
65 7
65 18
65 61
65 93
65 44
65 9
65 78
65 30
65 89
65 13
65 68
65 43
65 55
65 1
65 69
65 94
65 24
65 12
65 38
65 46
65 28
65 95
65 48
65 17
65 49
65 74
65 59
65 88
65 39
65 4
65 16
65 10
65 41
65 87
65 64
65 15
65 82
65 50
65 70
65 92
65 34
65 57
65 2
65 36
6 11
6 22
6 55
6 93
6 48
6 71
6 95
6 15
6 90
6 31
6 61
6 3
6 57
6 62
6 35
6 1
6 2
6 33
6 68
6 7
6 25
6 67
6 20
6 29
6 88
6 49
6 84
6 51
6 79
6 23
6 8
6 100
6 91
6 94
6 73
6 16
6 24
6 74
6 10
6 43
6 53
6 4
6 39
6 99
6 92
6 97
6 70
6 72
6 13
6 18
6 21
6 81
6 37
6 38
6 89
6 98
6 58
6 69
6 9
6 34
6 41
6 63
6 66
6 87
6 82
6 80
11 62
11 74
11 7
11 10
11 92
11 56
11 91
11 51
11 49
11 34
11 53
11 47
11 77
11 80
11 64
11 54
11 1
11 40
11 35
11 93
11 57
11 39
11 100
11 99
11 90
11 3
11 31
11 83
11 4
11 81
11 14
11 19
11 44
11 46
11 67
11 41
11 61
11 17
11 82
11 20
11 12
11 70
11 21
11 84
11 18
11 30
11 16
11 13
11 78
11 22
11 89
11 29
11 71
11 76
11 43
11 33
11 42
11 45
11 73
11 98
11 55
11 88
11 94
11 96
11 63
11 97
11 8
11 52
11 72
62 86
62 69
62 97
62 75
62 48
62 42
62 58
62 12
62 52
62 13
62 37
62 53
62 14
62 87
62 54
62 2
62 81
62 59
62 40
62 15
62 71
62 78
62 79
62 46
62 84
62 5
62 56
62 80
62 43
62 98
62 17
62 32
62 21
62 20
62 35
62 44
62 36
62 23
62 77
62 41
62 70
62 16
62 94
62 100
62 18
62 33
62 30
62 57
62 88
62 64
62 49
62 85
62 51
62 25
62 19
62 66
62 91
62 9
62 92
62 99
62 34
62 45
62 4
62 1
62 28
62 74
62 73
62 63
62 47
62 89
62 10
62 60
62 39
62 95
62 3
62 8
62 82
62 83
62 50
62 31
62 29
62 61
62 55
86 85
86 87
86 29
86 39
86 27
86 71
86 53
86 52
86 97
86 18
86 32
86 77
86 43
86 95
86 89
86 56
86 63
86 90
86 47
86 70
86 61
86 22
86 23
86 57
86 49
86 55
86 40
86 46
86 67
86 68
86 15
86 7
86 16
86 73
86 31
86 3
86 76
86 41
86 1
86 69
86 92
86 50
86 82
86 78
86 81
86 48
86 60
86 59
86 80
86 30
86 37
86 88
86 24
86 13
86 75
86 45
86 100
86 17
86 84
86 21
86 91
86 99
86 94
86 2
86 42
86 44
86 19
86 64
86 12
86 79
58 10
58 46
58 37
58 27
58 13
58 92
58 2
58 24
58 72
58 79
58 3
58 31
58 63
58 80
58 94
58 71
58 82
58 84
58 93
58 96
58 87
58 45
58 56
58 1
58 73
58 60
58 43
58 23
58 40
58 70
58 97
58 91
58 4
58 22
58 47
58 89
58 85
58 7
58 61
58 28
58 19
58 38
58 100
58 44
58 41
58 53
58 57
58 30
58 81
58 9
58 95
58 50
58 76
58 21
58 29
58 12
58 90
58 98
58 55
58 18
58 51
58 78
58 52
10 43
10 29
10 27
10 44
10 60
10 37
10 91
10 93
10 55
10 28
10 97
10 40
10 48
10 5
10 74
10 41
10 22
10 56
10 46
10 54
10 1
10 98
10 13
10 69
10 23
10 8
10 20
10 71
10 85
10 36
10 64
10 31
10 61
10 75
10 38
10 15
10 18
10 51
10 24
10 73
10 9
10 25
10 4
10 78
10 63
10 42
10 88
10 57
10 95
10 76
10 50
10 66
10 70
10 34
10 84
10 81
10 99
10 53
43 14
43 70
43 12
43 54
43 20
43 82
43 25
43 71
43 4
43 52
43 48
43 24
43 97
43 80
43 76
43 63
43 36
43 83
43 84
43 96
43 90
43 66
43 67
43 59
43 34
43 27
43 31
43 88
43 68
43 64
43 87
43 8
43 29
43 21
43 17
43 40
43 23
43 77
43 41
43 28
43 18
43 32
43 57
43 75
43 99
43 19
43 79
43 53
43 15
43 72
43 13
43 33
43 94
43 5
43 2
43 7
43 56
43 49
43 85
43 93
43 42
43 38
43 3
43 22
43 9
43 61
43 50
43 60
14 84
14 79
14 97
14 93
14 3
14 27
14 55
14 53
14 72
14 19
14 56
14 30
14 2
14 4
14 34
14 76
14 18
14 33
14 32
14 89
14 38
14 23
14 41
14 75
14 69
14 70
14 87
14 67
14 49
14 77
14 1
14 29
14 92
14 39
14 57
14 44
14 63
14 73
14 66
14 96
14 8
14 46
14 50
14 94
14 99
14 37
14 68
14 22
14 98
14 78
14 91
14 82
14 21
14 15
14 9
14 83
14 16
14 48
14 81
14 90
14 25
14 17
14 80
14 7
14 45
84 60
84 42
84 48
84 90
84 27
84 34
84 5
84 72
84 70
84 64
84 88
84 50
84 52
84 28
84 55
84 13
84 56
84 49
84 82
84 24
84 8
84 44
84 68
84 37
84 78
84 2
84 98
84 83
84 93
84 18
84 53
84 61
84 22
84 81
84 66
84 25
84 96
84 4
84 39
84 35
84 51
84 12
84 76
84 57
84 15
84 75
84 74
84 100
84 80
84 54
84 19
84 91
84 36
84 46
84 32
84 40
60 68
60 45
60 69
60 83
60 5
60 99
60 16
60 92
60 35
60 37
60 72
60 19
60 85
60 82
60 51
60 22
60 75
60 25
60 71
60 3
60 76
60 59
60 41
60 39
60 23
60 90
60 94
60 55
60 38
60 87
60 54
60 2
60 57
60 4
60 64
60 50
60 63
60 97
60 36
60 12
60 73
60 70
60 1
60 53
60 100
60 47
60 28
60 89
60 78
60 96
60 8
60 93
60 61
60 49
60 32
60 30
60 48
60 20
68 7
68 51
68 32
68 33
68 16
68 9
68 61
68 22
68 73
68 29
68 37
68 23
68 50
68 4
68 87
68 92
68 3
68 31
68 28
68 69
68 17
68 77
68 76
68 72
68 21
68 98
68 1
68 39
68 46
68 47
68 89
68 82
68 27
68 67
68 52
68 15
68 80
68 85
68 63
68 20
68 70
68 35
68 34
68 78
68 64
68 74
68 71
68 88
68 13
68 12
68 40
68 8
68 25
68 44
68 48
68 56
68 81
68 95
68 54
68 91
68 49
68 79
68 36
68 97
7 39
7 38
7 67
7 92
7 13
7 30
7 87
7 1
7 61
7 74
7 79
7 94
7 27
7 9
7 20
7 75
7 31
7 18
7 59
7 98
7 76
7 89
7 91
7 33
7 40
7 4
7 54
7 5
7 12
7 56
7 71
7 70
7 72
7 64
7 28
7 69
7 37
7 21
7 55
7 25
7 32
7 2
7 82
7 24
7 97
7 53
7 48
7 3
7 17
7 85
7 96
7 50
7 42
7 45
7 63
7 95
7 66
7 49
7 34
7 100
39 4
39 47
39 5
39 76
39 15
39 59
39 91
39 53
39 16
39 63
39 38
39 69
39 95
39 77
39 93
39 89
39 99
39 28
39 45
39 21
39 78
39 3
39 61
39 32
39 73
39 12
39 74
39 87
39 51
39 33
39 27
39 83
39 79
39 17
39 98
39 82
39 24
39 36
39 100
39 25
39 54
39 46
39 50
39 40
39 97
39 18
39 80
39 22
39 71
39 94
39 92
39 29
39 42
39 41
39 67
39 57
4 40
4 100
4 78
4 35
4 80
4 42
4 52
4 13
4 37
4 51
4 94
4 64
4 71
4 89
4 92
4 20
4 54
4 48
4 23
4 8
4 2
4 56
4 57
4 70
4 91
4 66
4 19
4 69
4 16
4 53
4 21
4 22
4 74
4 28
4 95
4 30
4 44
4 96
4 77
4 72
4 5
4 79
4 3
4 1
4 46
4 98
4 32
4 27
4 12
4 38
4 61
4 34
4 85
4 18
4 50
4 82
4 81
4 59
40 54
40 89
40 64
40 76
40 53
40 73
40 8
40 37
40 1
40 57
40 55
40 66
40 78
40 96
40 83
40 79
40 3
40 69
40 85
40 24
40 99
40 25
40 31
40 34
40 92
40 100
40 46
40 80
40 50
40 45
40 35
40 70
40 18
40 98
40 87
40 36
40 56
40 5
40 95
40 44
40 47
40 59
40 17
40 42
40 61
40 49
40 48
40 82
40 23
40 33
40 20
40 51
40 38
40 2
40 91
40 77
40 93
54 21
54 94
54 15
54 71
54 23
54 46
54 35
54 70
54 42
54 49
54 8
54 83
54 89
54 95
54 74
54 52
54 27
54 66
54 55
54 16
54 57
54 20
54 69
54 85
54 47
54 81
54 53
54 88
54 82
54 34
54 80
54 22
54 37
54 76
54 98
54 72
54 41
54 96
54 12
54 87
54 33
54 30
54 28
54 18
54 97
54 19
54 17
54 29
54 93
54 90
54 1
54 24
54 59
54 25
54 100
54 32
54 63
54 56
54 51
54 3
54 38
54 92
54 45
54 5
54 48
21 95
21 89
21 73
21 64
21 52
21 57
21 72
21 74
21 59
21 25
21 23
21 35
21 13
21 83
21 18
21 36
21 81
21 53
21 24
21 98
21 91
21 56
21 20
21 69
21 15
21 9
21 80
21 8
21 37
21 1
21 29
21 77
21 76
21 61
21 32
21 46
21 48
21 50
21 66
21 92
21 100
21 96
21 78
21 44
21 79
21 16
21 97
21 88
21 27
21 34
21 41
21 94
21 31
21 85
21 63
21 5
21 22
21 87
21 38
21 70
95 23
95 77
95 12
95 28
95 55
95 19
95 88
95 41
95 99
95 61
95 59
95 87
95 35
95 90
95 89
95 79
95 72
95 42
95 69
95 27
95 46
95 31
95 45
95 18
95 25
95 53
95 22
95 47
95 98
95 83
95 9
95 75
95 100
95 49
95 29
95 8
95 1
95 24
95 44
95 48
95 57
95 51
95 33
95 36
95 81
95 67
95 50
95 34
95 91
95 85
95 92
95 76
23 49
23 45
23 67
23 15
23 3
23 88
23 8
23 38
23 35
23 70
23 89
23 90
23 100
23 13
23 12
23 91
23 19
23 53
23 2
23 82
23 83
23 71
23 77
23 37
23 55
23 44
23 73
23 74
23 17
23 51
23 29
23 42
23 98
23 27
23 92
23 87
23 48
23 59
23 9
23 97
23 85
23 30
23 99
23 34
23 28
23 69
23 20
23 80
23 1
23 47
23 18
23 63
49 74
49 37
49 55
49 45
49 85
49 67
49 50
49 27
49 73
49 59
49 24
49 44
49 99
49 78
49 88
49 34
49 46
49 93
49 22
49 83
49 98
49 71
49 80
49 17
49 36
49 30
49 81
49 28
49 3
49 41
49 79
49 53
49 61
49 8
49 92
49 15
49 96
49 97
49 100
49 9
49 38
49 29
49 72
49 16
49 32
49 25
49 19
49 33
49 35
49 1
49 2
49 5
74 13
74 24
74 67
74 25
74 66
74 91
74 81
74 48
74 83
74 52
74 82
74 72
74 17
74 18
74 77
74 35
74 76
74 3
74 1
74 44
74 36
74 63
74 87
74 22
74 41
74 45
74 30
74 42
74 80
74 47
74 29
74 69
74 89
74 93
74 5
74 71
74 75
74 50
74 2
74 34
74 73
74 31
74 53
74 15
74 79
74 51
74 8
74 94
74 97
74 78
74 33
13 45
13 8
13 76
13 28
13 82
13 69
13 73
13 12
13 89
13 53
13 44
13 52
13 47
13 24
13 2
13 9
13 48
13 20
13 46
13 15
13 37
13 34
13 71
13 25
13 88
13 17
13 66
13 42
13 99
13 29
13 57
13 56
13 94
13 16
13 79
13 78
13 27
13 81
13 93
13 67
13 31
13 59
13 97
13 91
13 72
13 33
13 41
13 96
13 32
13 90
13 100
13 19
13 1
13 55
13 83
13 3
13 5
13 70
13 30
13 85
45 80
45 70
45 34
45 30
45 88
45 18
45 1
45 15
45 41
45 78
45 20
45 93
45 66
45 61
45 59
45 46
45 32
45 99
45 97
45 55
45 19
45 98
45 94
45 87
45 44
45 51
45 71
45 47
45 81
45 69
45 29
45 75
45 16
45 22
45 33
45 92
45 91
45 53
45 25
45 42
45 27
45 77
45 12
45 24
45 82
45 76
45 8
45 89
45 96
45 52
80 67
80 20
80 69
80 33
80 8
80 25
80 31
80 1
80 83
80 64
80 3
80 38
80 96
80 90
80 30
80 75
80 32
80 16
80 79
80 34
80 55
80 5
80 76
80 29
80 47
80 35
80 63
80 19
80 17
80 88
80 70
80 77
80 61
80 73
80 15
80 2
80 57
80 28
80 78
80 12
80 51
80 72
80 87
80 50
80 91
80 94
80 99
80 37
80 93
80 24
80 52
80 59
80 66
80 41
67 34
67 41
67 75
67 90
67 2
67 100
67 28
67 51
67 59
67 17
67 92
67 91
67 32
67 73
67 55
67 22
67 8
67 29
67 81
67 19
67 16
67 25
67 9
67 72
67 89
67 20
67 27
67 94
67 57
67 70
67 83
67 88
67 24
67 47
67 97
67 1
67 79
67 36
67 53
67 66
67 71
67 56
67 63
67 5
67 77
67 38
67 12
67 50
67 96
34 90
34 36
34 24
34 41
34 25
34 98
34 100
34 44
34 1
34 50
34 15
34 93
34 96
34 17
34 55
34 79
34 72
34 76
34 59
34 61
34 22
34 53
34 77
34 70
34 30
34 89
34 35
34 87
34 69
34 29
34 9
34 31
34 51
34 5
34 94
34 8
34 97
34 48
34 12
34 99
34 56
34 83
34 33
34 28
34 75
34 66
34 32
34 2
34 73
90 91
90 35
90 50
90 89
90 87
90 66
90 29
90 46
90 83
90 72
90 16
90 78
90 71
90 56
90 61
90 51
90 77
90 55
90 20
90 75
90 25
90 97
90 18
90 81
90 57
90 12
90 30
90 79
90 82
90 52
90 73
90 27
90 92
90 36
90 93
90 76
90 19
90 9
90 44
90 8
90 38
90 98
90 28
90 22
91 1
91 30
91 69
91 35
91 87
91 9
91 89
91 55
91 46
91 51
91 57
91 72
91 17
91 56
91 63
91 50
91 36
91 83
91 27
91 19
91 18
91 12
91 3
91 38
91 59
91 99
91 8
91 33
91 44
91 100
91 16
91 98
91 79
91 41
91 24
91 42
91 94
91 71
91 52
91 28
91 78
91 92
91 81
91 61
91 15
91 53
91 48
1 17
1 59
1 28
1 29
1 75
1 8
1 87
1 66
1 82
1 46
1 85
1 50
1 51
1 61
1 94
1 38
1 99
1 12
1 5
1 71
1 41
1 69
1 98
1 92
1 52
1 70
1 16
1 20
1 73
1 9
1 64
1 81
1 24
1 37
1 96
1 56
1 97
1 42
1 30
1 83
1 2
1 88
1 47
1 22
1 33
1 3
1 76
1 63
1 93
1 55
1 36
1 32
1 100
1 78
1 15
17 46
17 52
17 69
17 97
17 94
17 71
17 42
17 73
17 88
17 30
17 66
17 81
17 99
17 98
17 50
17 70
17 9
17 37
17 44
17 18
17 32
17 41
17 96
17 64
17 92
17 83
17 48
17 61
17 57
17 59
17 3
17 2
17 78
17 53
17 63
17 56
17 72
17 19
17 87
17 8
17 29
17 28
17 38
17 16
17 24
46 87
46 9
46 53
46 42
46 2
46 29
46 18
46 99
46 70
46 79
46 27
46 69
46 96
46 75
46 56
46 35
46 55
46 52
46 25
46 59
46 73
46 72
46 92
46 83
46 88
46 97
46 98
46 89
46 71
46 64
46 76
46 77
46 100
46 37
46 5
46 57
46 78
46 41
46 66
46 44
46 85
46 31
46 82
46 94
46 48
46 20
46 51
46 19
87 99
87 47
87 5
87 38
87 37
87 75
87 63
87 22
87 52
87 29
87 100
87 59
87 12
87 85
87 93
87 61
87 82
87 51
87 73
87 44
87 2
87 57
87 28
87 98
87 76
87 31
87 83
87 35
87 48
87 50
87 36
87 15
87 9
87 78
87 30
87 33
87 41
87 19
87 92
87 71
87 64
87 8
87 97
87 27
87 79
87 16
87 24
87 42
87 94
87 81
87 88
87 77
99 9
99 27
99 47
99 56
99 55
99 82
99 29
99 25
99 73
99 63
99 92
99 77
99 15
99 19
99 41
99 3
99 97
99 28
99 36
99 72
99 76
99 98
99 88
99 42
99 48
99 12
99 20
99 69
99 32
99 50
99 71
99 53
99 94
99 93
99 81
99 85
99 100
99 83
99 5
99 57
99 59
99 75
99 66
99 52
99 78
99 16
99 89
99 30
99 79
99 64
9 94
9 20
9 76
9 82
9 3
9 27
9 48
9 63
9 24
9 15
9 89
9 96
9 30
9 83
9 18
9 2
9 70
9 85
9 8
9 61
9 92
9 47
9 52
9 53
9 57
9 5
9 88
9 41
9 37
9 50
9 93
9 69
9 75
9 78
9 32
9 28
9 35
9 31
9 19
9 66
9 98
9 100
9 97
94 66
94 92
94 73
94 18
94 55
94 24
94 8
94 59
94 42
94 37
94 89
94 56
94 53
94 64
94 93
94 97
94 19
94 61
94 77
94 30
94 47
94 27
94 96
94 85
94 83
94 48
94 2
94 25
94 36
94 33
94 98
94 44
94 70
94 12
94 76
94 20
94 63
94 22
94 29
94 78
94 72
94 81
66 96
66 92
66 27
66 53
66 61
66 79
66 2
66 28
66 77
66 42
66 57
66 24
66 50
66 98
66 72
66 56
66 38
66 35
66 71
66 22
66 44
66 41
66 36
66 55
66 52
66 32
66 37
66 16
66 93
66 76
66 47
66 25
66 89
66 18
66 63
66 5
66 15
66 12
66 83
66 29
66 59
66 81
66 30
66 73
66 97
96 3
96 33
96 2
96 8
96 88
96 97
96 71
96 19
96 72
96 30
96 76
96 22
96 85
96 89
96 35
96 64
96 75
96 69
96 36
96 82
96 56
96 29
96 37
96 20
96 83
96 93
96 55
96 41
96 81
96 31
96 79
96 73
96 25
96 98
96 92
96 52
96 77
96 38
96 5
96 28
96 50
96 51
96 78
96 27
96 57
96 100
96 12
96 59
96 18
96 32
3 2
3 12
3 24
3 27
3 81
3 20
3 82
3 70
3 37
3 33
3 19
3 8
3 22
3 41
3 51
3 52
3 71
3 16
3 64
3 47
3 29
3 97
3 93
3 44
3 5
3 83
3 57
3 92
3 28
3 42
3 69
3 88
3 35
3 100
3 38
3 59
3 48
3 31
3 36
3 72
3 98
3 73
3 32
2 70
2 73
2 5
2 81
2 77
2 35
2 61
2 59
2 31
2 56
2 44
2 12
2 78
2 53
2 47
2 8
2 41
2 28
2 100
2 85
2 76
2 57
2 38
2 27
2 36
2 18
2 93
2 98
2 89
2 16
2 55
2 79
2 97
2 33
2 19
2 30
2 92
2 15
2 69
2 48
2 72
2 64
2 50
2 42
2 83
2 29
70 15
70 92
70 28
70 79
70 61
70 48
70 85
70 81
70 73
70 38
70 22
70 78
70 32
70 37
70 89
70 71
70 88
70 16
70 12
70 64
70 31
70 93
70 69
70 52
70 63
70 27
70 53
70 19
70 42
70 44
70 5
70 55
70 30
70 24
70 100
70 59
70 57
70 72
70 75
70 56
70 20
15 8
15 47
15 92
15 35
15 76
15 98
15 16
15 77
15 81
15 52
15 36
15 48
15 20
15 25
15 55
15 28
15 22
15 19
15 100
15 89
15 85
15 83
15 56
15 97
15 29
15 64
15 57
15 82
15 41
15 44
15 18
8 47
8 88
8 73
8 85
8 78
8 27
8 35
8 25
8 92
8 28
8 22
8 98
8 24
8 100
8 16
8 42
8 29
8 32
8 79
8 75
8 52
8 81
8 82
8 50
8 20
8 83
8 56
8 12
8 44
8 51
8 76
8 89
8 5
8 41
8 36
8 57
8 77
8 31
8 97
8 30
8 37
8 48
8 59
47 88
47 75
47 35
47 92
47 12
47 33
47 93
47 42
47 64
47 56
47 41
47 27
47 22
47 55
47 5
47 19
47 30
47 20
47 85
47 51
47 36
47 28
47 52
47 44
47 100
47 57
47 63
47 89
47 81
47 79
47 61
47 77
47 69
47 82
47 83
47 78
88 73
88 78
88 98
88 30
88 37
88 33
88 76
88 29
88 56
88 41
88 92
88 38
88 72
88 22
88 25
88 55
88 31
88 36
88 28
88 20
88 19
88 79
88 71
88 27
88 100
88 51
88 16
88 52
88 32
88 57
88 82
88 89
88 64
88 18
73 41
73 55
73 56
73 85
73 16
73 29
73 18
73 81
73 5
73 25
73 57
73 76
73 19
73 93
73 51
73 35
73 97
73 71
73 33
73 53
73 89
73 100
73 63
73 83
73 77
73 75
73 37
73 36
73 98
73 72
73 78
73 32
73 61
73 27
73 12
73 52
73 79
41 37
41 24
41 12
41 77
41 33
41 36
41 59
41 81
41 85
41 83
41 50
41 92
41 61
41 19
41 52
41 35
41 48
41 78
41 63
41 56
41 42
41 98
41 79
41 31
41 69
41 28
41 22
41 97
41 25
41 18
41 72
41 76
41 5
41 64
41 20
41 53
37 42
37 77
37 5
37 69
37 53
37 85
37 93
37 36
37 28
37 59
37 25
37 61
37 19
37 29
37 33
37 64
37 12
37 75
37 76
37 50
37 24
37 22
37 48
37 63
37 71
37 55
37 57
37 27
37 35
37 100
37 56
37 30
37 20
37 97
37 52
37 31
37 92
37 16
37 78
42 33
42 5
42 32
42 52
42 48
42 59
42 82
42 77
42 89
42 55
42 56
42 50
42 61
42 36
42 51
42 35
42 85
42 72
42 29
42 28
42 27
42 19
42 79
42 69
42 100
42 25
42 63
42 98
42 64
42 44
42 12
42 22
42 76
42 75
42 31
42 81
33 75
33 93
33 5
33 55
33 78
33 51
33 61
33 56
33 85
33 98
33 28
33 81
33 53
33 25
33 57
33 89
33 97
33 36
33 83
33 50
33 44
33 64
33 92
33 12
33 72
33 52
33 100
33 22
33 18
33 82
33 69
33 32
33 48
33 19
75 44
75 22
75 20
75 30
75 56
75 63
75 16
75 81
75 35
75 89
75 72
75 5
75 100
75 51
75 76
75 85
75 78
75 98
75 25
75 61
75 18
75 79
75 27
75 32
75 64
75 97
75 83
75 82
75 36
75 38
75 93
44 18
44 27
44 85
44 22
44 38
44 69
44 28
44 89
44 29
44 72
44 64
44 36
44 24
44 55
44 77
44 98
44 100
44 71
44 79
44 19
44 5
44 20
44 25
44 52
44 97
44 83
44 81
44 93
44 12
44 63
44 76
44 59
44 31
44 82
18 19
18 72
18 71
18 61
18 52
18 27
18 30
18 35
18 32
18 38
18 63
18 59
18 69
18 25
18 56
18 85
18 16
18 77
18 31
18 28
18 12
18 55
18 53
18 22
18 29
18 92
18 76
18 98
18 48
18 24
18 97
18 100
18 93
18 36
18 20
19 53
19 36
19 98
19 97
19 82
19 24
19 71
19 50
19 89
19 27
19 61
19 51
19 72
19 31
19 79
19 69
19 22
19 29
19 63
19 38
19 92
19 77
19 12
19 30
19 85
19 25
19 59
19 81
19 83
19 55
19 16
19 100
19 64
19 78
19 20
53 76
53 93
53 52
53 78
53 27
53 69
53 16
53 12
53 82
53 35
53 97
53 59
53 20
53 85
53 79
53 89
53 50
53 71
53 38
53 64
53 29
53 57
53 61
53 31
53 98
53 100
53 92
53 25
53 22
53 81
53 36
53 83
53 63
76 59
76 83
76 85
76 97
76 57
76 22
76 69
76 20
76 98
76 48
76 35
76 25
76 27
76 28
76 12
76 31
76 24
76 36
76 63
76 82
76 77
76 78
76 93
76 38
76 71
76 64
76 92
76 32
59 20
59 25
59 93
59 77
59 63
59 38
59 56
59 12
59 79
59 71
59 61
59 5
59 28
59 50
59 55
59 78
59 69
59 32
59 57
59 30
59 83
59 27
59 35
59 92
59 31
59 24
59 52
59 100
59 22
59 97
59 51
59 64
59 82
20 82
20 25
20 52
20 93
20 48
20 57
20 63
20 83
20 30
20 50
20 92
20 79
20 81
20 85
20 56
20 71
20 69
20 98
20 100
20 22
20 27
20 64
20 77
20 35
20 72
20 29
20 28
20 36
20 32
20 78
20 61
82 38
82 98
82 77
82 22
82 35
82 85
82 92
82 83
82 64
82 31
82 79
82 93
82 36
82 25
82 89
82 27
82 5
82 32
82 97
82 52
82 48
82 30
82 71
82 81
82 57
82 51
82 29
82 61
38 28
38 56
38 69
38 24
38 83
38 71
38 30
38 100
38 77
38 57
38 52
38 92
38 48
38 89
38 50
38 32
38 98
38 29
38 36
38 81
38 25
38 31
38 97
38 61
38 55
38 63
38 35
28 98
28 16
28 35
28 97
28 92
28 79
28 55
28 25
28 81
28 36
28 32
28 12
28 93
28 50
28 30
28 51
28 29
28 27
28 100
28 56
28 69
28 78
28 85
28 5
28 72
28 52
28 24
28 22
28 64
28 31
98 64
98 27
98 69
98 35
98 12
98 85
98 16
98 89
98 93
98 30
98 31
98 55
98 32
98 51
98 97
98 50
98 77
98 81
98 36
98 24
98 22
98 72
98 25
64 22
64 61
64 57
64 51
64 31
64 35
64 71
64 27
64 5
64 24
64 32
64 29
64 89
64 56
64 48
64 85
64 12
64 92
64 97
64 69
64 16
64 52
64 83
64 72
64 78
22 78
22 50
22 12
22 71
22 30
22 69
22 79
22 36
22 97
22 61
22 81
22 5
22 55
22 83
22 25
22 48
22 93
22 63
22 72
22 52
22 92
22 27
22 35
22 29
22 77
22 31
78 56
78 30
78 79
78 93
78 48
78 16
78 50
78 55
78 12
78 27
78 77
78 25
78 5
78 24
78 92
78 81
78 35
78 71
78 32
78 100
78 51
78 85
78 31
56 83
56 93
56 30
56 16
56 52
56 92
56 31
56 63
56 35
56 5
56 29
56 27
56 12
56 72
56 50
56 61
56 48
56 97
56 89
56 77
56 57
56 100
83 12
83 77
83 52
83 72
83 89
83 16
83 32
83 29
83 25
83 93
83 97
83 30
83 100
83 36
83 61
83 50
83 63
83 81
83 51
83 27
12 50
12 92
12 81
12 57
12 32
12 100
12 30
12 35
12 25
12 93
12 55
12 97
12 48
12 29
12 63
12 77
12 69
12 16
12 27
12 89
12 72
12 61
50 30
50 100
50 72
50 32
50 61
50 52
50 85
50 55
50 57
50 35
50 71
50 16
50 89
50 77
50 48
50 25
50 51
50 36
50 27
50 31
50 29
30 89
30 85
30 27
30 72
30 63
30 32
30 51
30 57
30 55
30 5
30 97
30 100
30 24
30 36
30 81
30 93
30 79
30 16
30 48
30 61
30 29
89 52
89 100
89 97
89 57
89 25
89 92
89 81
89 29
89 85
89 35
89 16
89 31
89 5
89 48
89 71
89 93
89 32
89 51
52 51
52 92
52 16
52 35
52 71
52 55
52 72
52 27
52 81
52 31
52 63
52 77
52 79
52 25
52 61
52 48
52 5
52 24
51 72
51 48
51 97
51 16
51 100
51 85
51 31
51 69
51 79
51 27
51 24
51 55
51 71
51 57
51 93
51 25
72 31
72 69
72 100
72 48
72 25
72 81
72 5
72 85
72 63
72 71
72 97
72 24
72 79
72 29
72 77
72 35
72 16
31 24
31 5
31 27
31 92
31 93
31 57
31 48
31 16
31 71
31 25
31 85
31 32
31 29
31 55
31 61
24 69
24 93
24 16
24 5
24 92
24 27
24 81
24 36
24 85
24 48
24 57
24 55
24 71
24 97
24 29
24 35
24 79
24 61
24 32
24 63
69 85
69 55
69 27
69 29
69 16
69 71
69 35
69 57
69 36
69 92
69 81
69 100
69 32
69 63
85 27
85 61
85 48
85 93
85 79
85 100
85 5
85 25
85 55
85 92
85 63
85 57
27 92
27 61
27 29
27 79
27 48
27 71
27 55
27 16
27 93
27 25
27 36
27 97
27 5
27 81
92 29
92 16
92 48
92 71
92 100
92 61
92 77
92 36
92 35
92 55
92 93
92 5
92 57
92 81
92 97
29 32
29 48
29 35
29 16
29 61
29 97
29 55
29 93
29 71
29 79
29 36
29 100
29 81
32 16
32 35
32 93
32 5
32 36
32 63
32 48
32 81
32 97
32 100
16 100
16 77
16 71
16 36
16 81
16 35
16 63
16 97
16 48
16 93
16 57
16 61
16 55
100 25
100 71
100 97
100 55
100 63
100 79
100 77
100 93
100 35
100 5
100 81
25 77
25 57
25 63
25 79
25 35
25 97
25 55
25 71
25 48
25 61
25 5
25 81
77 5
77 36
77 55
77 48
77 35
77 81
77 93
77 97
77 63
77 57
77 61
5 57
5 93
5 55
5 36
5 79
5 97
5 71
5 48
5 81
57 36
57 81
57 35
57 71
57 55
57 63
57 79
36 63
36 71
36 97
36 55
36 35
36 61
36 93
36 81
63 71
63 93
63 48
63 97
63 79
63 55
63 35
63 81
71 35
71 48
71 79
71 97
71 61
71 81
35 81
35 93
35 61
35 48
35 55
35 97
81 61
81 48
81 93
81 79
81 55
61 79
61 48
61 93
79 93
79 97
79 55
93 48
93 97
93 55
48 97
48 55
97 55
