14 20
14 7
14 2
14 5
14 6
14 1
14 4
14 11
14 17
14 12
14 19
14 8
14 3
14 9
7 15
7 20
7 18
7 19
7 12
7 10
7 5
7 17
7 3
7 9
7 6
7 13
7 2
7 8
7 11
7 16
7 4
15 6
15 17
15 12
15 8
15 10
15 16
15 1
15 19
15 2
15 11
15 20
15 4
15 18
15 5
15 13
6 11
6 16
6 3
6 20
6 9
6 17
6 18
6 5
6 1
6 13
6 10
11 1
11 3
11 10
11 17
11 9
11 2
11 12
11 19
11 18
11 20
11 8
11 5
1 3
1 4
1 10
1 5
1 19
1 9
1 16
1 18
1 17
1 12
3 8
3 4
3 5
3 16
3 13
3 9
3 19
3 10
3 18
8 19
8 5
8 13
8 20
8 9
8 2
8 10
8 17
8 18
19 16
19 17
19 2
19 18
19 13
16 17
16 13
16 18
16 12
16 20
16 9
16 2
16 4
17 5
17 20
17 9
17 12
17 18
5 18
5 20
5 2
5 9
5 13
18 10
18 9
18 13
18 2
18 20
10 13
10 4
10 9
10 20
13 9
13 12
13 4
13 20
9 12
9 20
9 2
12 4
4 2
2 20
