8 37
8 66
8 2
8 77
8 88
8 35
8 24
8 63
8 72
8 38
8 70
8 54
8 7
8 65
8 47
8 14
8 74
8 21
8 25
8 89
8 55
8 86
8 48
8 16
8 31
8 61
8 50
8 33
8 6
8 85
8 40
8 1
8 90
8 58
8 81
8 83
8 42
8 49
8 64
8 56
8 3
8 87
8 75
8 30
8 53
8 18
8 11
8 45
8 19
8 22
8 79
8 51
8 20
8 84
8 26
8 4
8 41
8 73
66 40
66 57
66 16
66 1
66 79
66 83
66 11
66 87
66 9
66 46
66 45
66 27
66 56
66 31
66 6
66 26
66 75
66 86
66 21
66 48
66 19
66 68
66 84
66 51
66 20
66 69
66 74
66 47
66 58
66 50
66 81
66 54
66 88
66 44
66 70
66 36
66 13
66 35
66 41
66 23
66 80
66 37
66 77
66 89
66 71
66 43
66 7
66 2
66 10
66 32
66 18
66 53
66 67
66 29
66 38
66 4
66 12
66 90
66 24
40 74
40 24
40 19
40 51
40 5
40 90
40 12
40 75
40 3
40 60
40 30
40 36
40 79
40 58
40 61
40 11
40 20
40 84
40 48
40 77
40 27
40 56
40 57
40 31
40 54
40 28
40 64
40 53
40 21
40 81
40 38
40 26
40 62
40 2
40 59
40 9
40 41
40 4
40 25
40 70
40 18
40 46
40 67
40 55
40 32
40 49
40 17
40 33
40 16
40 63
40 22
40 1
40 78
40 82
40 68
40 10
40 83
40 69
74 86
74 15
74 29
74 21
74 26
74 90
74 89
74 62
74 16
74 38
74 25
74 87
74 28
74 44
74 80
74 3
74 36
74 18
74 61
74 83
74 4
74 71
74 46
74 27
74 76
74 59
74 37
74 70
74 49
74 63
74 50
74 30
74 77
74 84
74 19
74 10
74 20
74 17
74 33
74 64
74 48
74 68
74 45
74 1
74 52
74 85
74 13
74 72
74 88
74 9
74 47
74 34
74 53
74 23
74 58
74 55
74 14
74 65
74 39
74 22
74 79
74 2
74 73
74 78
74 32
74 41
74 56
86 9
86 55
86 85
86 73
86 32
86 78
86 33
86 11
86 2
86 13
86 19
86 23
86 5
86 54
86 35
86 15
86 36
86 52
86 1
86 81
86 24
86 28
86 50
86 34
86 65
86 56
86 64
86 80
86 41
86 29
86 4
86 26
86 79
86 61
86 31
86 89
86 44
86 48
86 16
86 37
86 17
86 42
86 20
86 38
86 39
86 43
86 22
86 88
86 49
86 10
86 75
86 57
86 72
86 71
86 3
86 82
86 68
86 53
86 51
86 69
86 45
86 62
86 76
86 60
86 77
86 12
86 67
86 7
86 25
86 6
86 47
86 21
86 63
9 45
9 17
9 15
9 70
9 47
9 29
9 24
9 63
9 5
9 90
9 69
9 73
9 11
9 3
9 49
9 77
9 18
9 36
9 44
9 21
9 84
9 30
9 27
9 78
9 81
9 88
9 51
9 10
9 58
9 41
9 61
9 68
9 52
9 37
9 7
9 46
9 43
9 55
9 34
9 6
9 85
9 35
9 71
9 12
9 19
9 54
9 67
9 20
9 28
9 75
9 76
9 33
9 64
9 65
9 22
9 82
9 39
9 57
9 56
9 16
9 26
9 4
9 80
9 13
9 48
9 79
9 42
9 23
45 70
45 67
45 62
45 31
45 69
45 60
45 36
45 59
45 2
45 28
45 39
45 42
45 32
45 25
45 81
45 14
45 38
45 52
45 79
45 55
45 53
45 47
45 13
45 21
45 11
45 71
45 76
45 24
45 68
45 22
45 78
45 89
45 35
45 88
45 72
45 23
45 16
45 30
45 44
45 84
45 61
45 46
45 73
45 4
45 65
45 57
45 87
45 82
45 6
45 27
45 33
70 62
70 78
70 46
70 11
70 3
70 76
70 61
70 84
70 43
70 38
70 51
70 34
70 20
70 44
70 55
70 4
70 33
70 81
70 24
70 25
70 16
70 83
70 6
70 42
70 58
70 54
70 65
70 89
70 60
70 15
70 5
70 10
70 90
70 47
70 39
70 64
70 79
70 50
70 30
70 68
70 80
70 82
70 12
70 23
70 72
70 29
70 18
70 35
70 28
70 53
70 26
70 17
62 46
62 18
62 87
62 52
62 55
62 11
62 80
62 81
62 27
62 28
62 32
62 19
62 13
62 37
62 25
62 30
62 63
62 36
62 1
62 73
62 42
62 69
62 85
62 65
62 2
62 21
62 49
62 59
62 71
62 29
62 75
62 35
62 38
62 22
62 68
62 17
62 78
62 82
62 23
62 39
62 20
62 64
62 41
62 84
62 48
62 56
62 14
62 33
62 88
62 34
62 47
62 72
62 7
62 15
62 16
62 4
62 76
62 53
62 54
62 79
62 31
46 34
46 13
46 83
46 81
46 32
46 30
46 76
46 51
46 79
46 27
46 29
46 20
46 73
46 18
46 69
46 14
46 80
46 52
46 39
46 2
46 56
46 28
46 84
46 3
46 89
46 59
46 61
46 60
46 64
46 57
46 21
46 49
46 58
46 85
46 68
46 1
46 12
46 67
46 31
46 48
46 77
46 24
46 65
46 7
46 36
46 82
46 55
46 87
46 33
46 37
46 75
46 16
46 23
46 42
46 63
34 33
34 13
34 12
34 41
34 19
34 7
34 68
34 17
34 78
34 18
34 16
34 52
34 22
34 27
34 10
34 84
34 49
34 79
34 80
34 48
34 51
34 1
34 61
34 63
34 56
34 26
34 23
34 65
34 14
34 5
34 36
34 64
34 87
34 58
34 32
34 77
34 67
34 81
34 50
34 69
34 25
34 72
34 55
34 57
34 54
34 53
34 71
34 15
34 82
34 89
34 31
34 42
34 76
34 43
34 24
34 20
34 60
34 44
34 28
34 73
34 11
34 88
34 35
34 75
34 85
34 37
33 54
33 4
33 21
33 55
33 79
33 67
33 35
33 7
33 39
33 80
33 51
33 28
33 11
33 1
33 31
33 71
33 88
33 27
33 38
33 69
33 49
33 59
33 14
33 83
33 50
33 2
33 84
33 36
33 53
33 20
33 10
33 30
33 58
33 32
33 43
33 17
33 87
33 60
33 57
33 63
33 48
33 81
33 47
33 42
33 56
33 16
33 90
33 3
33 13
33 82
33 23
33 18
33 19
33 41
33 85
33 22
33 44
33 68
33 65
33 24
33 52
33 64
54 44
54 75
54 76
54 77
54 12
54 42
54 24
54 61
54 67
54 5
54 47
54 89
54 65
54 19
54 22
54 14
54 64
54 90
54 68
54 84
54 13
54 30
54 82
54 35
54 79
54 52
54 11
54 88
54 73
54 39
54 60
54 1
54 51
54 6
54 50
54 38
54 53
54 10
54 69
54 2
54 56
54 7
54 43
54 20
54 81
44 57
44 24
44 88
44 49
44 90
44 31
44 60
44 76
44 12
44 14
44 84
44 41
44 38
44 37
44 7
44 52
44 18
44 28
44 16
44 78
44 53
44 42
44 50
44 19
44 47
44 79
44 80
44 55
44 89
44 61
44 72
44 32
44 81
44 6
44 4
44 43
44 39
44 35
44 36
44 1
44 23
44 65
44 83
44 22
44 68
44 10
44 21
44 30
44 27
44 48
44 29
44 25
44 69
44 58
44 87
44 64
44 3
44 13
44 75
44 2
44 56
57 56
57 73
57 76
57 16
57 18
57 26
57 78
57 90
57 30
57 22
57 83
57 36
57 15
57 6
57 87
57 31
57 4
57 75
57 35
57 58
57 13
57 20
57 79
57 11
57 64
57 38
57 52
57 88
57 10
57 12
57 49
57 61
57 47
57 28
57 37
57 17
57 43
57 19
57 60
57 23
57 59
57 29
57 69
56 20
56 22
56 51
56 26
56 30
56 47
56 36
56 1
56 52
56 7
56 25
56 41
56 43
56 75
56 55
56 17
56 16
56 10
56 65
56 19
56 31
56 38
56 88
56 78
56 3
56 77
56 81
56 90
56 27
56 80
56 14
56 61
56 11
56 87
56 71
56 68
56 24
56 89
56 58
56 6
56 60
56 35
56 73
56 39
56 72
56 21
56 15
56 67
56 23
20 41
20 53
20 10
20 36
20 28
20 61
20 6
20 87
20 1
20 43
20 4
20 78
20 30
20 71
20 64
20 52
20 60
20 35
20 67
20 11
20 2
20 18
20 82
20 24
20 58
20 26
20 39
20 7
20 79
20 76
20 84
20 42
20 14
20 38
20 72
20 25
20 80
20 50
20 51
20 59
20 23
20 12
20 49
20 31
20 88
20 3
20 73
20 21
20 5
20 19
20 15
20 48
20 68
20 69
41 28
41 48
41 67
41 23
41 29
41 55
41 53
41 2
41 16
41 11
41 13
41 39
41 80
41 65
41 72
41 52
41 83
41 26
41 87
41 75
41 3
41 50
41 12
41 64
41 6
41 59
41 19
41 38
41 25
41 47
41 15
41 90
41 71
41 60
41 58
41 84
41 36
41 77
41 37
41 30
41 17
41 7
41 88
41 73
41 78
41 43
28 76
28 11
28 1
28 65
28 69
28 27
28 67
28 51
28 5
28 38
28 49
28 79
28 83
28 18
28 3
28 61
28 14
28 24
28 25
28 47
28 88
28 12
28 43
28 48
28 53
28 71
28 68
28 6
28 36
28 7
28 32
28 22
28 13
28 89
28 17
28 84
28 10
28 75
28 80
28 63
28 72
28 23
28 50
28 2
28 59
28 58
28 31
28 87
28 77
28 52
28 90
28 26
76 60
76 63
76 2
76 18
76 21
76 65
76 14
76 25
76 15
76 27
76 82
76 39
76 83
76 43
76 13
76 17
76 16
76 59
76 67
76 6
76 51
76 49
76 26
76 36
76 85
76 19
76 35
76 1
76 69
76 87
76 38
76 37
76 64
76 23
76 52
76 11
76 75
76 58
76 78
76 89
76 3
76 48
76 61
76 79
76 29
76 10
76 32
76 24
76 7
60 83
60 25
60 36
60 35
60 31
60 22
60 3
60 19
60 42
60 15
60 82
60 43
60 17
60 11
60 16
60 64
60 63
60 26
60 61
60 4
60 80
60 73
60 50
60 38
60 18
60 6
60 12
60 23
60 88
60 55
60 75
60 87
60 81
60 77
60 7
60 14
60 89
60 2
60 29
60 52
60 68
60 59
60 53
60 13
60 65
60 51
83 16
83 12
83 7
83 48
83 52
83 31
83 11
83 42
83 23
83 17
83 37
83 5
83 43
83 3
83 38
83 1
83 27
83 65
83 47
83 84
83 75
83 2
83 59
83 26
83 29
83 79
83 18
83 61
83 24
83 36
83 77
83 15
83 4
83 73
83 22
83 35
83 21
83 55
83 69
83 49
83 81
83 85
83 87
83 10
83 64
83 63
83 19
83 53
83 68
83 25
83 32
16 51
16 4
16 64
16 32
16 90
16 72
16 21
16 55
16 17
16 24
16 73
16 14
16 49
16 5
16 22
16 10
16 53
16 2
16 13
16 58
16 36
16 63
16 12
16 61
16 84
16 75
16 30
16 6
16 77
16 27
16 67
16 35
16 48
16 89
16 68
16 47
16 26
16 69
16 52
16 50
16 85
16 3
16 80
51 29
51 82
51 61
51 31
51 23
51 39
51 75
51 68
51 5
51 13
51 10
51 79
51 84
51 25
51 52
51 36
51 88
51 71
51 77
51 73
51 32
51 63
51 24
51 1
51 19
51 26
51 69
51 18
51 80
51 72
51 65
51 87
51 42
51 6
51 43
51 53
51 49
51 21
29 10
29 75
29 80
29 11
29 88
29 1
29 67
29 15
29 4
29 36
29 47
29 7
29 78
29 32
29 35
29 79
29 5
29 55
29 2
29 61
29 38
29 37
29 49
29 53
29 18
29 31
29 6
29 69
29 12
29 71
29 27
29 48
29 82
29 90
29 50
29 72
29 42
29 89
29 22
29 21
29 23
29 3
29 24
29 81
10 26
10 50
10 87
10 17
10 75
10 30
10 12
10 23
10 78
10 11
10 81
10 43
10 32
10 15
10 38
10 31
10 14
10 53
10 79
10 24
10 48
10 71
10 82
10 19
10 42
10 90
10 84
10 3
10 21
10 85
10 73
10 61
10 69
10 22
10 65
10 47
10 49
10 13
10 64
10 5
10 27
10 37
10 1
10 55
10 6
10 52
10 2
26 53
26 13
26 2
26 75
26 18
26 15
26 39
26 89
26 43
26 35
26 5
26 30
26 1
26 55
26 71
26 82
26 7
26 52
26 4
26 36
26 21
26 64
26 11
26 88
26 87
26 25
26 79
26 27
26 69
26 38
26 12
26 84
26 81
26 37
26 31
26 3
26 61
26 68
26 73
26 67
26 14
26 47
26 80
26 22
26 17
26 90
26 49
53 58
53 38
53 61
53 42
53 52
53 11
53 84
53 7
53 55
53 23
53 12
53 71
53 78
53 32
53 14
53 72
53 4
53 69
53 47
53 2
53 17
53 15
53 82
53 21
53 50
53 65
53 67
53 68
53 85
53 43
53 59
53 13
53 5
53 31
53 3
53 75
53 39
53 79
53 36
53 22
58 89
58 59
58 55
58 81
58 23
58 24
58 90
58 67
58 11
58 3
58 87
58 50
58 13
58 47
58 4
58 12
58 30
58 17
58 52
58 1
58 88
58 7
58 71
58 72
58 38
58 6
58 27
58 32
58 68
58 64
58 63
58 79
58 78
58 14
58 36
58 15
58 42
58 25
58 19
58 82
58 43
58 73
58 61
58 69
58 65
58 37
58 35
58 49
58 5
58 22
89 77
89 72
89 24
89 42
89 25
89 19
89 71
89 22
89 21
89 32
89 4
89 69
89 1
89 48
89 5
89 75
89 61
89 18
89 2
89 85
89 68
89 6
89 78
89 3
89 65
89 50
89 35
89 15
89 47
89 79
89 49
89 13
89 73
89 27
89 52
89 11
77 30
77 22
77 18
77 32
77 71
77 6
77 31
77 7
77 59
77 55
77 88
77 73
77 87
77 63
77 3
77 13
77 35
77 38
77 78
77 12
77 52
77 36
77 67
77 49
77 17
77 72
77 47
77 79
77 19
77 27
77 4
77 2
77 43
77 48
77 39
77 21
77 68
77 75
77 65
30 27
30 75
30 25
30 80
30 68
30 21
30 14
30 61
30 47
30 85
30 22
30 67
30 78
30 15
30 17
30 4
30 11
30 84
30 42
30 87
30 2
30 35
30 7
30 69
30 37
30 43
30 49
30 71
30 63
30 31
30 90
30 6
30 1
30 23
30 55
30 79
30 59
30 73
27 4
27 18
27 1
27 59
27 55
27 7
27 15
27 21
27 6
27 24
27 35
27 87
27 73
27 49
27 31
27 79
27 14
27 64
27 48
27 11
27 3
27 36
27 19
27 2
27 67
27 52
27 23
27 82
27 12
27 25
27 42
27 43
27 32
27 22
27 81
27 72
27 85
27 69
27 78
27 61
4 12
4 48
4 61
4 90
4 68
4 7
4 3
4 81
4 36
4 15
4 2
4 42
4 32
4 82
4 25
4 55
4 67
4 50
4 64
4 88
4 73
4 1
4 59
4 23
4 69
4 19
4 80
4 11
4 17
4 84
4 37
4 35
4 72
4 79
4 22
4 71
4 38
4 43
4 65
4 13
12 5
12 55
12 87
12 24
12 63
12 14
12 68
12 67
12 64
12 81
12 82
12 90
12 47
12 1
12 13
12 7
12 79
12 37
12 72
12 11
12 35
12 50
12 48
12 73
12 18
12 23
12 19
12 65
12 2
12 69
12 78
12 17
12 31
12 42
12 52
12 39
12 21
12 80
12 32
12 85
12 22
12 3
5 73
5 42
5 79
5 63
5 87
5 35
5 64
5 7
5 19
5 36
5 88
5 23
5 78
5 31
5 49
5 6
5 38
5 17
5 1
5 22
5 47
5 71
5 11
5 25
5 14
5 21
5 18
5 65
5 55
5 61
5 67
5 81
5 48
5 15
5 69
5 84
5 82
5 68
5 59
5 75
73 87
73 79
73 48
73 67
73 37
73 85
73 81
73 35
73 3
73 31
73 25
73 88
73 80
73 39
73 90
73 50
73 55
73 69
73 71
73 65
73 13
73 82
73 23
73 84
73 64
73 21
73 43
73 38
73 61
73 32
73 11
73 36
73 19
73 63
73 15
73 78
73 22
73 7
73 42
73 49
73 24
73 17
73 68
87 82
87 65
87 79
87 18
87 25
87 63
87 49
87 17
87 19
87 61
87 23
87 21
87 38
87 36
87 68
87 81
87 35
87 43
87 7
87 71
87 42
87 13
87 55
87 72
87 80
87 37
87 85
87 14
87 31
87 64
87 6
87 32
87 84
87 48
87 67
87 59
87 2
87 24
87 50
82 17
82 31
82 90
82 39
82 35
82 88
82 78
82 43
82 18
82 14
82 71
82 69
82 15
82 38
82 7
82 24
82 65
82 80
82 36
82 21
82 19
82 61
82 81
82 63
82 47
82 48
82 6
82 59
82 68
82 13
82 32
82 11
82 37
82 49
82 50
82 84
82 52
17 68
17 52
17 84
17 72
17 3
17 2
17 19
17 48
17 11
17 88
17 49
17 81
17 79
17 55
17 22
17 90
17 23
17 31
17 32
17 18
17 35
17 63
17 71
17 64
17 67
17 25
17 1
17 50
17 37
17 21
17 78
17 15
17 65
17 38
17 59
17 75
68 80
68 48
68 24
68 1
68 47
68 59
68 43
68 72
68 67
68 69
68 38
68 55
68 79
68 2
68 15
68 64
68 35
68 52
68 11
68 21
68 49
68 65
68 36
68 81
68 39
68 7
68 50
68 90
68 3
68 88
68 78
68 37
68 84
68 25
68 18
80 84
80 43
80 61
80 6
80 48
80 79
80 37
80 65
80 42
80 67
80 38
80 14
80 25
80 50
80 64
80 32
80 59
80 75
80 31
80 47
80 24
80 15
80 71
80 36
80 1
80 19
80 69
80 2
80 88
80 63
80 35
80 72
84 67
84 18
84 25
84 81
84 49
84 69
84 22
84 63
84 48
84 38
84 32
84 2
84 21
84 65
84 35
84 37
84 50
84 72
84 47
84 11
84 75
84 64
84 1
84 31
84 59
84 79
84 71
84 7
84 61
84 42
84 78
84 13
84 55
67 11
67 63
67 49
67 71
67 32
67 38
67 52
67 47
67 21
67 65
67 24
67 79
67 59
67 48
67 22
67 42
67 81
67 90
67 25
67 88
67 75
67 13
67 3
67 19
67 14
67 64
67 36
67 23
67 72
11 1
11 23
11 69
11 78
11 65
11 88
11 43
11 24
11 49
11 42
11 31
11 71
11 64
11 75
11 3
11 63
11 38
11 36
11 85
11 22
11 15
11 18
11 7
11 39
11 21
11 90
11 2
11 37
11 32
11 81
11 14
11 72
11 35
11 79
1 15
1 65
1 50
1 43
1 3
1 61
1 90
1 81
1 69
1 37
1 63
1 88
1 7
1 52
1 18
1 36
1 2
1 19
1 21
1 85
1 39
1 13
1 25
1 6
1 71
1 49
1 59
1 72
15 88
15 64
15 78
15 61
15 50
15 19
15 14
15 65
15 72
15 23
15 85
15 13
15 81
15 79
15 6
15 59
15 75
15 25
15 21
15 42
15 47
15 43
15 36
15 71
15 35
15 90
88 2
88 47
88 79
88 23
88 35
88 55
88 22
88 72
88 81
88 64
88 6
88 61
88 36
88 38
88 50
88 52
88 63
88 31
88 43
88 90
88 85
88 37
88 71
88 78
88 65
2 90
2 31
2 61
2 35
2 65
2 6
2 64
2 75
2 13
2 55
2 7
2 47
2 69
2 79
2 39
2 50
2 3
2 36
2 18
2 14
2 37
2 25
2 48
2 81
2 72
2 78
90 69
90 49
90 14
90 61
90 64
90 19
90 7
90 25
90 32
90 72
90 48
90 36
90 13
90 24
90 75
90 39
90 35
90 85
90 63
90 47
90 59
90 6
90 23
90 21
90 42
90 38
90 71
69 35
69 39
69 7
69 81
69 64
69 32
69 24
69 3
69 47
69 49
69 18
69 75
69 63
69 71
69 21
69 61
69 14
69 85
69 55
69 36
69 43
69 37
69 25
69 52
69 31
69 48
69 65
69 42
69 22
69 23
35 7
35 65
35 47
35 75
35 85
35 71
35 31
35 18
35 21
35 6
35 25
35 59
35 24
35 14
35 55
35 49
35 63
35 13
35 81
35 61
35 3
35 42
35 19
35 22
35 23
35 39
35 50
7 14
7 65
7 37
7 6
7 42
7 85
7 72
7 22
7 38
7 3
7 43
7 47
7 75
7 61
7 79
7 64
7 18
7 63
7 21
7 19
7 71
7 36
7 55
7 81
7 78
7 50
7 25
7 24
14 3
14 79
14 48
14 47
14 13
14 38
14 59
14 42
14 18
14 36
14 32
14 61
14 24
14 81
14 63
14 64
14 37
14 50
14 6
14 23
14 71
14 85
3 75
3 64
3 55
3 42
3 65
3 78
3 59
3 85
3 43
3 24
3 39
3 37
3 49
3 22
3 61
3 38
3 25
3 72
3 32
3 47
3 81
3 31
3 36
3 50
3 21
3 19
75 55
75 81
75 85
75 52
75 23
75 59
75 48
75 38
75 43
75 78
75 24
75 36
75 39
75 79
75 32
75 71
75 42
75 64
75 6
75 50
75 47
75 18
75 21
55 39
55 13
55 23
55 42
55 79
55 32
55 36
55 64
55 63
55 72
55 18
55 24
55 6
55 48
55 25
55 65
55 81
55 43
55 49
55 71
55 59
55 85
55 61
55 52
55 38
55 22
55 31
55 19
39 61
39 13
39 78
39 64
39 37
39 49
39 52
39 22
39 23
39 63
39 81
39 31
39 47
39 43
39 50
39 71
39 65
39 19
39 24
39 79
39 6
61 13
61 18
61 42
61 52
61 25
61 38
61 64
61 71
61 36
61 21
61 22
61 65
61 23
61 19
61 78
61 48
61 47
61 72
61 31
61 63
61 32
13 48
13 59
13 85
13 24
13 38
13 79
13 71
13 47
13 43
13 81
13 52
13 64
13 49
13 25
13 21
13 37
13 50
13 23
13 18
13 32
13 31
13 36
48 25
48 6
48 78
48 22
48 64
48 81
48 49
48 85
48 21
48 59
48 65
48 24
48 18
48 37
48 32
48 63
48 52
48 71
48 38
48 43
48 23
48 72
48 36
48 19
48 31
25 18
25 6
25 36
25 65
25 38
25 32
25 85
25 49
25 42
25 23
25 50
25 63
25 31
25 64
25 78
25 47
25 19
25 72
25 22
18 49
18 79
18 72
18 23
18 47
18 65
18 38
18 50
18 63
18 21
18 22
18 19
18 24
18 43
18 42
18 6
18 59
18 36
18 78
18 37
18 85
18 64
18 31
49 85
49 63
49 38
49 37
49 71
49 6
49 32
49 78
49 64
49 47
49 59
49 50
49 43
49 36
49 23
49 22
49 79
49 19
49 65
85 79
85 38
85 52
85 78
85 72
85 59
85 32
85 65
85 36
85 50
85 24
85 42
85 37
85 6
85 64
85 71
79 71
79 24
79 50
79 43
79 52
79 81
79 36
79 78
79 47
79 42
79 72
79 63
79 31
79 19
79 59
79 22
79 38
79 37
79 64
79 32
71 42
71 32
71 19
71 22
71 23
71 64
71 36
71 24
71 72
71 59
71 47
71 31
71 37
71 21
71 81
71 43
71 78
71 52
42 50
42 72
42 31
42 36
42 59
42 47
42 38
42 65
42 24
42 6
42 43
42 32
42 64
42 23
42 21
42 81
50 65
50 64
50 37
50 24
50 63
50 43
50 23
50 81
50 59
50 19
50 6
50 31
50 52
50 22
50 32
50 38
50 21
65 6
65 32
65 59
65 81
65 21
65 63
65 19
65 37
65 72
65 24
65 52
65 47
6 24
6 43
6 31
6 72
6 64
6 38
6 22
6 47
6 78
6 52
6 81
6 59
6 63
24 36
24 63
24 78
24 32
24 81
24 21
24 38
24 52
24 72
24 47
24 19
24 22
24 23
24 59
24 31
24 64
24 43
36 72
36 31
36 59
36 38
36 64
36 32
36 23
36 52
36 37
36 21
36 47
36 43
72 23
72 32
72 81
72 52
72 64
72 63
72 31
72 37
72 21
72 47
72 22
72 43
72 78
23 47
23 31
23 37
23 38
23 63
23 59
23 52
23 19
23 21
47 52
47 81
47 64
47 37
47 59
47 21
47 43
47 31
47 22
47 63
47 32
52 43
52 32
52 37
52 38
52 19
52 78
52 31
52 81
52 21
52 22
43 21
43 19
43 37
43 63
43 78
43 31
43 59
43 22
43 32
43 38
21 31
21 59
21 32
21 78
21 64
21 19
21 38
21 22
21 37
21 63
31 22
31 78
31 64
31 38
31 19
31 81
31 59
31 37
22 32
22 81
22 59
22 37
22 63
32 38
32 64
32 59
32 81
32 78
38 63
38 19
38 37
38 64
38 81
38 78
63 78
63 81
63 64
63 59
78 81
78 19
78 59
78 37
78 64
81 59
81 37
81 19
81 64
59 64
59 19
64 19
19 37
