20 58
20 41
20 26
20 29
20 22
20 6
20 59
20 13
20 46
20 15
20 40
20 36
20 43
20 52
20 21
20 8
20 57
20 18
20 54
20 9
20 12
20 32
20 39
20 34
20 50
20 56
20 44
20 16
20 42
20 11
20 28
20 37
20 3
20 49
20 38
20 33
20 35
20 60
20 23
20 53
20 51
20 55
20 2
20 25
20 14
20 24
20 27
20 10
20 7
20 47
20 5
20 1
41 23
41 52
41 9
41 37
41 33
41 55
41 7
41 43
41 15
41 26
41 42
41 19
41 28
41 51
41 34
41 46
41 16
41 24
41 21
41 11
41 4
41 47
41 18
41 45
41 44
41 1
41 56
41 60
41 13
41 32
41 5
41 27
41 3
41 40
41 29
41 10
41 30
41 2
41 38
23 10
23 30
23 37
23 33
23 19
23 38
23 29
23 45
23 28
23 2
23 44
23 35
23 55
23 25
23 32
23 4
23 26
23 24
23 18
23 36
23 8
23 6
23 50
23 56
23 58
23 15
23 12
23 17
23 22
23 47
23 39
23 51
23 46
23 21
23 49
23 9
23 59
23 34
23 42
23 52
11 25
11 9
11 60
11 40
11 43
11 39
11 45
11 47
11 46
11 54
11 17
11 37
11 58
11 59
11 4
11 51
11 16
11 56
11 14
11 21
11 52
11 7
11 55
11 10
11 48
11 31
11 33
11 34
11 50
11 22
11 44
11 32
11 36
11 27
11 8
11 2
11 57
11 42
11 53
11 28
11 15
11 26
11 6
11 18
11 12
11 35
25 4
25 26
25 48
25 33
25 9
25 16
25 31
25 58
25 10
25 49
25 35
25 52
25 43
25 15
25 8
25 21
25 19
25 51
25 50
25 42
25 53
25 2
25 32
25 30
25 60
25 38
25 14
25 45
25 28
25 29
25 44
25 40
25 37
4 40
4 30
4 7
4 58
4 1
4 24
4 38
4 10
4 42
4 49
4 52
4 56
4 9
4 33
4 39
4 34
4 19
4 16
4 44
4 51
4 35
4 6
4 26
4 50
4 37
4 43
4 14
4 48
4 27
4 8
4 54
4 32
40 8
40 37
40 38
40 46
40 31
40 18
40 24
40 44
40 7
40 29
40 43
40 35
40 21
40 59
40 3
40 5
40 42
40 47
40 2
40 9
40 19
40 27
40 53
40 60
40 33
40 28
40 39
40 10
40 15
40 6
40 32
40 52
40 56
40 26
40 30
40 57
40 51
40 34
40 48
40 16
40 55
40 22
40 58
8 53
8 43
8 38
8 10
8 49
8 2
8 29
8 5
8 44
8 7
8 60
8 51
8 59
8 16
8 31
8 28
8 35
8 12
8 34
8 57
8 22
8 19
8 17
8 30
8 42
8 6
8 24
8 50
8 39
8 54
8 26
8 46
8 36
8 33
8 55
8 37
53 33
53 21
53 1
53 47
53 43
53 45
53 57
53 29
53 49
53 51
53 36
53 38
53 3
53 48
53 7
53 22
53 19
53 54
53 56
53 18
53 5
53 52
53 31
53 46
53 9
53 24
53 39
53 55
53 26
53 60
53 14
53 6
53 10
53 16
53 50
53 37
53 44
33 14
33 31
33 50
33 9
33 43
33 45
33 19
33 55
33 48
33 37
33 39
33 54
33 22
33 6
33 21
33 2
33 24
33 59
33 16
33 26
33 29
33 5
33 47
33 3
33 58
33 46
33 32
33 15
33 57
33 56
33 38
33 42
33 7
33 36
33 35
33 10
33 34
33 52
33 18
33 30
33 17
33 13
33 49
14 15
14 1
14 32
14 26
14 13
14 51
14 16
14 12
14 10
14 55
14 29
14 57
14 56
14 6
14 21
14 54
14 38
14 52
14 49
14 19
14 27
14 24
14 43
14 39
14 45
14 28
14 58
14 9
14 44
14 30
15 49
15 37
15 10
15 57
15 44
15 18
15 28
15 16
15 30
15 36
15 26
15 24
15 19
15 35
15 52
15 6
15 5
15 31
15 21
15 54
15 32
15 34
15 38
15 51
15 59
15 7
15 50
15 43
15 48
15 55
15 13
15 56
15 3
15 42
15 2
15 22
49 16
49 31
49 18
49 21
49 37
49 2
49 58
49 56
49 17
49 29
49 7
49 26
49 57
49 54
49 35
49 38
49 52
49 5
49 45
49 39
49 34
49 51
49 59
49 55
49 36
16 45
16 59
16 31
16 30
16 47
16 60
16 32
16 42
16 13
16 18
16 52
16 37
16 50
16 5
16 57
16 43
16 28
16 7
16 3
16 58
16 12
16 46
16 19
16 6
16 48
16 9
16 24
16 34
16 21
16 26
16 2
16 27
16 39
16 54
16 56
16 44
45 9
45 34
45 37
45 19
45 29
45 42
45 59
45 28
45 5
45 38
45 56
45 48
45 6
45 7
45 60
45 1
45 17
45 27
45 51
45 44
45 58
45 13
45 47
45 55
45 57
45 52
45 10
45 30
45 39
45 12
45 43
45 32
45 36
9 3
9 42
9 26
9 37
9 43
9 13
9 29
9 52
9 58
9 30
9 24
9 5
9 10
9 12
9 38
9 21
9 60
9 56
9 48
9 54
9 7
9 47
9 19
9 1
9 22
9 34
9 51
9 44
3 36
3 38
3 47
3 5
3 35
3 34
3 21
3 1
3 26
3 43
3 30
3 39
3 24
3 13
3 48
3 31
3 59
3 18
3 58
3 37
3 29
3 54
3 56
3 22
3 6
3 46
36 51
36 28
36 43
36 47
36 26
36 30
36 60
36 32
36 12
36 24
36 10
36 42
36 22
36 56
36 59
36 13
36 18
36 57
36 37
36 19
36 44
36 55
36 7
36 52
36 31
36 2
36 27
36 38
51 44
51 29
51 39
51 43
51 5
51 1
51 59
51 47
51 12
51 10
51 32
51 28
51 17
51 6
51 24
51 37
51 26
51 21
51 35
51 42
51 34
51 13
51 58
51 22
51 27
51 55
51 18
51 19
51 38
51 50
51 31
51 30
51 54
44 29
44 57
44 39
44 24
44 43
44 48
44 32
44 13
44 30
44 6
44 22
44 37
44 17
44 7
44 38
44 27
44 55
44 54
44 1
44 59
44 26
44 50
44 35
44 56
44 31
44 47
44 52
44 58
44 34
44 19
29 38
29 22
29 34
29 19
29 10
29 12
29 30
29 1
29 37
29 52
29 26
29 48
29 59
29 17
29 47
29 6
29 46
29 13
29 27
29 7
29 2
29 18
29 56
29 42
29 58
29 5
29 24
38 59
38 17
38 28
38 37
38 27
38 30
38 34
38 50
38 58
38 2
38 54
38 35
38 42
38 48
38 39
38 7
38 26
38 31
38 55
38 6
38 18
38 46
38 32
38 5
38 47
59 2
59 7
59 28
59 17
59 18
59 52
59 43
59 46
59 34
59 47
59 54
59 6
59 19
59 39
59 10
59 50
59 24
59 32
59 60
59 13
59 21
59 48
59 55
59 12
59 58
59 31
59 56
59 42
2 60
2 13
2 7
2 32
2 10
2 28
2 1
2 26
2 34
2 50
2 12
2 56
2 58
2 57
2 43
2 5
2 22
2 31
2 24
2 54
2 46
60 26
60 54
60 43
60 27
60 58
60 1
60 22
60 47
60 19
60 39
60 42
60 12
60 32
60 28
60 35
60 31
60 17
60 46
60 34
60 24
60 56
60 7
60 52
26 19
26 39
26 42
26 28
26 54
26 21
26 10
26 13
26 24
26 32
26 6
26 17
26 1
26 18
26 52
26 47
26 34
26 48
26 27
26 46
26 7
26 58
26 12
26 50
26 22
19 57
19 12
19 27
19 6
19 13
19 39
19 43
19 5
19 54
19 30
19 42
19 10
19 7
19 35
19 46
19 34
19 17
19 48
19 24
19 28
19 58
19 47
19 55
19 22
19 31
19 52
57 24
57 56
57 52
57 22
57 12
57 34
57 32
57 6
57 28
57 7
57 42
57 30
57 46
57 54
57 37
57 17
57 21
57 18
57 47
57 50
57 35
24 31
24 48
24 28
24 46
24 18
24 13
24 12
24 43
24 56
24 39
24 30
24 50
24 54
24 5
24 47
24 42
24 32
24 7
24 37
24 34
24 1
24 58
24 52
31 27
31 21
31 28
31 17
31 10
31 47
31 34
31 37
31 42
31 7
31 6
31 43
31 46
31 54
31 52
31 32
31 13
31 56
31 22
31 1
31 12
27 32
27 42
27 48
27 47
27 28
27 54
27 5
27 50
27 17
27 7
27 34
27 10
27 1
27 18
27 13
27 22
27 35
27 6
27 37
27 58
27 52
27 39
27 30
32 55
32 10
32 1
32 28
32 52
32 22
32 34
32 13
32 58
32 5
32 30
32 17
32 54
32 46
32 35
32 48
55 28
55 7
55 6
55 47
55 30
55 48
55 52
55 5
55 10
55 58
55 46
55 56
55 43
55 12
55 17
55 13
55 54
55 1
55 39
28 39
28 47
28 22
28 48
28 50
28 12
28 42
28 56
28 10
28 6
28 35
28 52
28 30
28 37
28 7
28 1
28 34
39 10
39 48
39 21
39 12
39 52
39 7
39 18
39 34
39 35
39 46
39 47
39 58
39 54
39 30
39 42
39 5
39 43
39 17
10 54
10 56
10 35
10 5
10 13
10 48
10 47
10 1
10 7
10 22
10 21
10 30
10 42
10 17
10 34
10 18
10 52
10 6
10 46
54 50
54 12
54 30
54 58
54 42
54 17
54 1
54 56
54 6
54 21
54 35
54 43
54 47
54 37
54 34
54 46
50 6
50 7
50 17
50 5
50 56
50 22
50 42
50 21
50 46
50 12
50 48
50 58
50 34
50 30
50 1
6 22
6 21
6 42
6 17
6 37
6 30
6 34
6 52
6 1
6 47
6 48
6 7
6 12
6 5
6 46
6 56
22 21
22 37
22 18
22 1
22 17
22 46
22 5
22 30
22 34
22 42
21 48
21 7
21 18
21 37
21 35
21 13
21 12
21 52
21 5
21 34
21 17
21 43
21 1
21 58
21 46
21 47
21 56
48 7
48 43
48 12
48 47
48 5
48 13
48 37
48 58
48 56
48 18
48 34
48 46
48 30
48 1
48 42
7 56
7 34
7 12
7 43
7 1
7 5
7 35
7 37
7 17
7 18
7 30
7 46
56 34
56 46
56 35
56 12
56 47
56 43
56 30
56 42
56 1
34 47
34 12
34 5
34 17
34 18
34 30
34 42
34 1
34 43
34 35
34 46
47 17
47 58
47 42
47 35
47 5
47 43
47 1
47 18
17 46
17 13
17 5
17 43
17 30
17 1
17 52
17 37
17 58
46 18
46 37
46 13
46 35
46 30
46 52
46 12
46 5
46 1
46 58
18 43
18 52
18 30
18 37
18 42
18 12
18 1
18 5
18 58
18 13
18 35
43 42
43 12
43 58
43 35
43 30
43 52
43 37
42 13
42 1
42 5
42 58
42 52
42 37
13 5
13 58
13 35
13 12
13 52
5 30
5 1
5 58
5 35
5 52
5 37
30 12
30 37
30 52
30 1
12 1
12 52
12 35
12 37
12 58
1 52
1 35
1 37
1 58
52 37
52 35
52 58
37 35
37 58
35 58
