71 65
71 60
71 1
71 8
71 13
71 50
71 76
71 17
71 37
71 69
71 33
71 5
71 68
71 39
71 7
71 48
71 35
71 9
71 22
71 4
71 78
71 42
71 19
71 67
71 24
71 79
71 28
71 18
71 16
71 56
71 15
71 55
71 59
71 26
71 44
71 20
71 70
71 30
71 73
71 52
71 57
71 64
71 31
71 75
71 14
71 45
71 12
71 43
71 46
71 2
71 23
71 72
71 3
71 21
71 47
71 6
60 50
60 75
60 48
60 35
60 9
60 55
60 38
60 31
60 28
60 4
60 46
60 53
60 24
60 1
60 34
60 27
60 7
60 47
60 77
60 12
60 45
60 33
60 62
60 44
60 19
60 65
60 11
60 67
60 30
60 10
60 58
60 40
60 79
60 41
60 68
60 49
60 26
60 57
60 6
60 52
60 43
60 70
60 56
60 18
60 61
60 37
60 78
60 21
60 59
60 3
60 5
60 20
60 76
60 15
60 25
60 74
60 2
60 63
60 73
60 72
60 23
60 36
60 39
60 13
60 51
60 17
60 69
50 32
50 10
50 77
50 76
50 65
50 72
50 8
50 45
50 39
50 26
50 16
50 53
50 54
50 44
50 59
50 23
50 68
50 57
50 64
50 15
50 33
50 21
50 47
50 43
50 7
50 34
50 35
50 62
50 67
50 58
50 40
50 69
50 30
50 24
50 19
50 4
50 78
50 38
50 75
50 6
50 31
50 49
50 79
50 20
50 29
50 73
50 61
50 55
50 70
50 22
50 52
50 41
32 38
32 57
32 9
32 25
32 16
32 54
32 3
32 77
32 31
32 45
32 62
32 61
32 70
32 10
32 14
32 28
32 4
32 2
32 15
32 39
32 34
32 49
32 26
32 24
32 48
32 51
32 22
32 23
32 75
32 41
32 53
32 8
32 47
32 63
32 64
32 58
32 80
32 35
32 27
32 11
32 74
32 73
32 65
32 1
32 78
32 6
32 55
32 76
32 12
32 79
32 18
38 49
38 34
38 14
38 22
38 8
38 43
38 41
38 62
38 51
38 44
38 16
38 40
38 65
38 12
38 33
38 13
38 17
38 66
38 74
38 20
38 3
38 58
38 24
38 29
38 11
38 28
38 26
38 56
38 15
38 54
38 5
38 9
38 6
38 63
38 68
38 39
38 70
38 7
38 61
38 57
38 4
38 80
38 76
38 37
38 75
38 10
38 30
38 64
38 47
38 72
38 77
38 45
38 31
38 18
38 48
38 59
38 52
38 19
38 35
49 44
49 15
49 9
49 39
49 10
49 57
49 1
49 51
49 18
49 27
49 78
49 23
49 45
49 42
49 21
49 41
49 76
49 22
49 69
49 17
49 73
49 36
49 2
49 70
49 29
49 43
49 30
49 11
49 31
49 34
49 63
49 61
49 68
49 66
49 4
49 12
49 56
49 65
49 67
49 35
49 72
49 26
49 48
49 6
49 77
49 16
49 52
49 54
44 77
44 4
44 33
44 78
44 15
44 69
44 3
44 39
44 74
44 41
44 5
44 67
44 36
44 23
44 58
44 47
44 40
44 13
44 17
44 51
44 57
44 79
44 48
44 30
44 76
44 59
44 18
44 10
44 72
44 35
44 20
44 73
44 70
44 66
44 37
44 64
44 16
44 52
44 75
44 34
44 65
44 22
44 28
44 29
44 11
44 25
44 68
77 76
77 57
77 2
77 74
77 14
77 18
77 43
77 48
77 45
77 69
77 33
77 63
77 39
77 16
77 80
77 42
77 3
77 40
77 65
77 52
77 75
77 54
77 15
77 11
77 10
77 12
77 26
77 41
77 1
77 58
77 8
77 56
77 61
77 30
77 25
77 47
77 20
77 66
77 51
77 35
77 21
77 6
77 29
77 59
77 7
77 31
77 70
77 28
77 72
77 79
76 40
76 37
76 16
76 64
76 73
76 22
76 28
76 51
76 5
76 23
76 61
76 14
76 20
76 62
76 2
76 26
76 13
76 59
76 63
76 56
76 52
76 34
76 47
76 53
76 24
76 7
76 21
76 70
76 17
76 31
76 43
76 9
76 3
76 46
76 11
76 45
76 39
76 1
76 78
76 41
76 12
76 72
76 6
76 27
76 54
76 65
76 8
76 58
40 11
40 13
40 6
40 21
40 73
40 64
40 19
40 79
40 42
40 51
40 45
40 46
40 29
40 27
40 3
40 31
40 16
40 36
40 12
40 41
40 17
40 34
40 47
40 14
40 66
40 70
40 28
40 8
40 68
40 4
40 23
40 65
40 56
40 15
40 58
40 33
40 62
40 7
40 80
40 52
40 59
40 48
40 39
40 18
40 72
40 57
40 1
40 25
40 20
40 63
40 9
40 75
11 24
11 3
11 73
11 18
11 72
11 79
11 68
11 30
11 39
11 25
11 7
11 61
11 8
11 46
11 67
11 45
11 13
11 31
11 42
11 56
11 1
11 74
11 48
11 16
11 64
11 65
11 52
11 23
11 59
11 43
11 15
11 55
11 80
11 33
11 4
11 29
11 75
11 27
11 47
11 10
11 51
11 69
11 21
11 14
11 34
11 20
11 53
11 37
11 9
11 57
11 5
11 78
11 26
11 62
24 8
24 26
24 21
24 78
24 54
24 80
24 56
24 39
24 6
24 46
24 74
24 34
24 10
24 61
24 45
24 67
24 20
24 68
24 13
24 35
24 28
24 42
24 65
24 25
24 75
24 22
24 70
24 9
24 57
24 37
24 29
24 16
24 66
24 4
24 47
24 7
24 69
24 27
24 73
24 53
24 5
24 43
24 3
24 33
24 63
24 58
24 12
8 58
8 59
8 33
8 55
8 14
8 13
8 22
8 15
8 31
8 5
8 3
8 12
8 64
8 9
8 46
8 7
8 69
8 6
8 74
8 48
8 70
8 72
8 62
8 78
8 45
8 75
8 63
8 20
8 52
8 18
8 51
8 42
8 30
8 36
8 35
8 67
8 17
8 61
8 68
8 4
8 27
8 19
8 56
8 16
8 39
8 66
8 25
8 2
8 54
8 47
8 28
58 12
58 74
58 59
58 28
58 78
58 27
58 1
58 23
58 7
58 29
58 14
58 16
58 65
58 54
58 34
58 53
58 41
58 48
58 19
58 5
58 69
58 73
58 25
58 68
58 31
58 17
58 3
58 42
58 21
58 61
58 30
58 6
58 62
58 75
58 37
58 79
58 22
58 15
58 2
58 72
58 4
58 47
58 26
58 67
58 51
58 10
12 1
12 74
12 69
12 73
12 79
12 4
12 41
12 43
12 78
12 30
12 53
12 13
12 37
12 33
12 15
12 70
12 3
12 27
12 57
12 66
12 34
12 17
12 9
12 51
12 18
12 55
12 21
12 7
12 56
12 36
12 25
12 35
12 28
12 10
12 61
12 63
12 19
12 75
12 22
1 15
1 22
1 79
1 74
1 6
1 52
1 23
1 35
1 66
1 48
1 72
1 63
1 39
1 10
1 25
1 18
1 19
1 62
1 29
1 75
1 73
1 30
1 34
1 69
1 13
1 37
1 53
1 56
1 27
1 64
1 45
1 16
1 21
1 20
1 17
1 5
1 57
1 47
15 25
15 61
15 68
15 46
15 45
15 63
15 48
15 37
15 9
15 67
15 31
15 73
15 53
15 27
15 74
15 57
15 42
15 22
15 36
15 70
15 55
15 23
15 78
15 41
15 16
15 72
15 34
15 6
15 47
15 4
15 59
15 43
15 54
15 80
15 39
15 66
15 52
15 10
15 14
15 75
15 18
15 30
15 21
15 35
25 14
25 13
25 63
25 21
25 57
25 54
25 22
25 23
25 42
25 17
25 43
25 4
25 28
25 20
25 33
25 67
25 79
25 31
25 27
25 68
25 70
25 72
25 36
25 16
25 64
25 46
25 19
25 48
25 62
25 55
25 59
25 47
25 53
25 78
25 69
25 74
25 80
25 37
25 30
25 61
25 2
25 7
14 45
14 46
14 80
14 41
14 79
14 29
14 59
14 55
14 66
14 43
14 52
14 57
14 33
14 42
14 2
14 65
14 48
14 51
14 78
14 26
14 37
14 30
14 72
14 73
14 7
14 64
14 39
14 6
14 47
14 20
14 5
14 53
14 17
14 18
14 3
14 9
14 69
14 4
14 35
14 54
14 75
14 56
14 21
14 28
14 31
14 19
14 36
45 78
45 55
45 5
45 22
45 52
45 21
45 30
45 72
45 37
45 53
45 68
45 31
45 66
45 41
45 17
45 48
45 80
45 35
45 16
45 46
45 19
45 69
45 42
45 56
45 18
45 23
45 51
45 3
45 74
45 39
45 73
45 79
45 36
45 75
45 2
45 26
45 10
45 59
45 43
45 7
45 4
78 31
78 28
78 21
78 66
78 65
78 62
78 68
78 22
78 5
78 51
78 54
78 79
78 61
78 36
78 17
78 10
78 26
78 75
78 48
78 59
78 39
78 72
78 37
78 18
78 6
78 4
78 70
78 47
78 13
78 41
78 27
78 56
78 63
78 55
78 74
78 9
78 34
78 52
31 18
31 47
31 73
31 22
31 42
31 9
31 57
31 59
31 33
31 53
31 5
31 30
31 17
31 68
31 35
31 20
31 69
31 55
31 80
31 27
31 70
31 10
31 48
31 51
31 37
31 65
31 46
31 2
31 36
31 74
31 19
31 52
31 75
31 39
31 4
31 62
31 13
31 23
31 67
31 41
31 16
31 21
31 54
31 63
31 66
18 64
18 34
18 17
18 66
18 72
18 65
18 10
18 5
18 59
18 42
18 9
18 63
18 75
18 68
18 79
18 61
18 57
18 36
18 3
18 69
18 52
18 2
18 27
18 43
18 21
18 47
18 22
18 74
18 80
18 35
18 56
18 13
18 48
18 67
18 39
18 6
18 30
18 55
18 41
18 4
18 53
64 61
64 74
64 53
64 33
64 36
64 80
64 27
64 72
64 37
64 29
64 23
64 75
64 51
64 39
64 69
64 21
64 9
64 3
64 4
64 48
64 26
64 35
64 42
64 65
64 68
64 34
64 56
64 52
64 66
64 5
64 54
64 59
64 19
64 79
64 16
64 67
64 57
64 70
64 28
64 6
64 22
64 20
64 47
64 13
64 62
61 74
61 26
61 46
61 4
61 66
61 2
61 20
61 41
61 10
61 51
61 57
61 35
61 33
61 48
61 37
61 75
61 21
61 23
61 67
61 16
61 62
61 39
61 47
61 42
61 79
61 43
61 80
61 53
61 73
61 34
61 22
61 5
61 52
61 7
61 59
61 56
61 65
61 70
61 3
74 48
74 56
74 55
74 27
74 67
74 51
74 62
74 72
74 28
74 21
74 34
74 20
74 10
74 16
74 80
74 3
74 22
74 7
74 23
74 75
74 57
74 30
74 5
74 73
74 70
74 9
74 4
74 19
74 53
74 46
74 47
74 33
74 65
74 43
74 52
74 59
74 2
74 63
74 17
74 41
74 13
48 9
48 65
48 70
48 37
48 6
48 23
48 4
48 34
48 47
48 75
48 56
48 7
48 59
48 19
48 68
48 33
48 27
48 42
48 41
48 43
48 3
48 2
48 13
48 29
48 57
48 10
48 54
48 46
48 79
48 21
48 5
48 51
9 56
9 26
9 7
9 21
9 68
9 23
9 46
9 69
9 22
9 59
9 29
9 36
9 35
9 63
9 28
9 10
9 16
9 57
9 43
9 3
9 30
9 47
9 65
9 73
9 75
9 55
9 39
9 79
9 37
9 62
9 66
9 70
9 80
9 19
9 20
56 59
56 6
56 4
56 13
56 51
56 41
56 21
56 72
56 66
56 2
56 70
56 79
56 47
56 26
56 39
56 7
56 53
56 34
56 54
56 10
56 63
56 65
56 20
56 80
56 33
56 55
56 69
56 75
56 22
56 52
56 37
56 57
56 68
56 16
56 23
56 36
56 27
56 73
56 30
56 29
56 46
59 42
59 13
59 51
59 67
59 53
59 7
59 33
59 52
59 47
59 27
59 4
59 70
59 21
59 34
59 41
59 39
59 37
59 43
59 29
59 17
59 28
59 36
59 46
59 20
59 6
59 26
59 23
59 72
59 79
59 16
59 3
59 69
42 47
42 19
42 54
42 41
42 46
42 30
42 7
42 80
42 37
42 23
42 67
42 73
42 39
42 53
42 3
42 4
42 70
42 2
42 29
42 20
42 55
42 79
42 27
42 63
42 17
42 6
42 75
42 22
42 33
42 69
42 21
42 13
42 51
42 43
42 10
42 5
47 30
47 19
47 4
47 16
47 35
47 54
47 72
47 13
47 55
47 22
47 10
47 27
47 26
47 67
47 52
47 43
47 62
47 29
47 73
47 28
47 23
47 53
47 69
47 68
47 37
47 20
47 57
47 41
47 33
47 70
47 66
47 34
47 7
47 65
30 3
30 43
30 46
30 66
30 20
30 36
30 19
30 67
30 51
30 57
30 4
30 52
30 54
30 35
30 2
30 63
30 22
30 10
30 37
30 28
30 41
30 5
30 75
30 7
30 13
30 29
30 69
30 79
30 80
30 70
30 33
30 21
30 26
3 21
3 34
3 63
3 29
3 26
3 79
3 2
3 68
3 39
3 53
3 46
3 80
3 67
3 27
3 17
3 55
3 54
3 22
3 72
3 20
3 28
3 13
3 41
3 5
3 23
3 4
21 57
21 67
21 75
21 23
21 72
21 36
21 53
21 54
21 35
21 55
21 79
21 70
21 4
21 43
21 20
21 17
21 73
21 37
21 68
21 63
21 29
21 28
21 27
21 52
21 26
21 41
21 39
21 16
21 33
21 22
21 51
57 29
57 36
57 26
57 17
57 35
57 4
57 66
57 55
57 73
57 79
57 22
57 53
57 39
57 27
57 63
57 7
57 10
57 72
57 5
57 13
57 37
57 67
57 43
57 23
57 33
57 65
57 16
57 69
57 28
57 51
57 68
57 46
57 75
57 70
57 20
29 2
29 6
29 46
29 79
29 35
29 43
29 69
29 20
29 73
29 33
29 13
29 53
29 37
29 67
29 52
29 17
29 10
29 62
29 26
29 27
29 65
29 55
29 68
29 28
29 54
29 19
29 34
29 80
29 66
29 22
29 41
29 70
2 70
2 73
2 68
2 67
2 4
2 23
2 65
2 52
2 20
2 13
2 75
2 66
2 80
2 7
2 36
2 35
2 55
2 6
2 34
2 79
2 10
2 19
2 17
2 28
2 69
2 54
2 26
2 39
2 43
2 37
2 5
2 33
2 16
2 27
2 22
70 53
70 75
70 72
70 66
70 67
70 4
70 73
70 69
70 39
70 23
70 6
70 62
70 20
70 79
70 22
70 16
70 17
70 19
70 80
70 37
70 52
70 43
70 55
70 35
70 51
70 27
70 26
70 28
70 33
53 6
53 52
53 34
53 5
53 43
53 68
53 72
53 46
53 13
53 4
53 7
53 27
53 75
53 80
53 73
53 54
53 79
53 36
53 69
53 16
53 55
53 23
53 26
53 65
53 63
53 67
53 22
53 39
53 66
6 55
6 5
6 35
6 51
6 79
6 20
6 65
6 39
6 67
6 68
6 4
6 43
6 73
6 46
6 19
6 22
6 7
6 10
6 16
6 41
6 34
6 17
6 54
6 75
55 34
55 41
55 69
55 68
55 63
55 80
55 7
55 79
55 66
55 5
55 72
55 46
55 16
55 43
55 20
55 26
55 13
55 73
55 65
55 33
55 19
55 17
55 51
55 4
55 54
55 52
55 22
55 67
55 37
34 80
34 17
34 4
34 72
34 5
34 65
34 46
34 13
34 28
34 54
34 68
34 19
34 39
34 36
34 51
34 73
34 52
34 63
34 20
34 62
34 75
34 26
34 41
34 66
34 35
34 79
34 37
80 41
80 7
80 5
80 23
80 10
80 69
80 36
80 35
80 67
80 27
80 39
80 75
80 66
80 13
80 26
80 62
80 46
80 72
80 4
80 16
80 22
80 63
80 28
80 79
80 17
80 65
80 37
80 20
41 22
41 13
41 75
41 65
41 19
41 37
41 72
41 51
41 62
41 17
41 26
41 36
41 54
41 35
41 79
41 10
41 43
41 33
41 66
41 4
22 63
22 16
22 46
22 73
22 4
22 67
22 79
22 23
22 72
22 26
22 17
22 68
22 7
22 13
22 36
22 5
22 54
22 33
22 66
22 39
22 19
22 75
22 65
63 20
63 28
63 79
63 7
63 23
63 72
63 52
63 73
63 39
63 27
63 17
63 16
63 35
63 43
63 10
63 37
63 4
63 19
63 66
63 75
63 5
63 36
63 46
20 73
20 79
20 54
20 4
20 68
20 67
20 39
20 33
20 69
20 28
20 62
20 17
20 52
20 26
20 37
20 43
20 36
20 35
20 16
20 7
20 27
20 13
20 75
20 46
20 23
20 51
20 10
20 19
20 72
73 5
73 67
73 79
73 13
73 23
73 43
73 65
73 46
73 17
73 52
73 62
73 26
73 75
73 19
73 69
73 16
73 27
73 7
73 72
5 52
5 43
5 13
5 72
5 65
5 75
5 46
5 28
5 37
5 69
5 26
5 62
5 67
5 4
5 79
5 51
5 66
5 33
5 23
5 19
5 7
5 36
5 10
5 68
52 19
52 37
52 36
52 7
52 13
52 62
52 28
52 46
52 39
52 51
52 69
52 75
52 17
52 67
52 43
52 72
52 65
52 4
52 10
52 16
52 79
52 23
19 72
19 27
19 35
19 4
19 37
19 69
19 66
19 23
19 26
19 16
19 51
19 13
19 46
19 36
19 33
19 39
19 28
19 67
19 10
72 54
72 62
72 39
72 26
72 23
72 51
72 13
72 27
72 17
72 69
72 43
72 28
72 33
72 68
72 46
72 79
72 16
72 67
72 65
72 75
72 4
72 35
54 16
54 69
54 10
54 67
54 75
54 79
54 23
54 26
54 35
54 65
54 37
54 43
54 28
54 66
54 7
54 4
54 68
54 62
16 26
16 4
16 43
16 33
16 7
16 75
16 36
16 35
16 46
16 13
16 37
16 23
16 51
16 10
16 62
16 17
16 39
16 66
16 28
26 23
26 37
26 35
26 39
26 10
26 17
26 27
26 75
26 69
26 33
26 36
26 62
26 66
26 79
23 43
23 51
23 7
23 75
23 46
23 39
23 37
23 27
23 17
23 62
23 13
23 33
23 28
23 10
23 66
23 79
43 10
43 79
43 37
43 13
43 75
43 69
43 17
43 66
43 33
43 51
43 67
43 4
43 27
10 27
10 33
10 39
10 75
10 4
10 51
10 62
10 66
10 7
10 13
10 65
10 28
10 46
10 68
10 79
10 37
10 67
27 36
27 67
27 51
27 35
27 33
27 37
27 69
27 4
27 39
27 68
27 46
27 79
27 7
27 28
27 75
27 66
36 39
36 75
36 62
36 46
36 4
36 68
36 65
36 66
36 13
36 69
39 66
39 13
39 17
39 35
39 4
39 46
39 33
39 51
39 69
39 68
39 67
66 62
66 28
66 68
66 46
66 37
66 65
66 69
66 79
66 13
66 4
66 75
62 33
62 13
62 79
62 51
62 28
62 69
62 65
62 46
62 4
33 79
33 68
33 65
33 67
33 4
33 35
33 37
33 17
33 28
79 28
79 13
79 68
79 17
79 4
79 51
79 65
79 67
79 75
79 35
28 46
28 69
28 35
28 7
28 67
28 68
28 13
28 75
28 65
28 37
28 4
28 51
46 13
46 4
46 69
46 51
46 75
46 7
46 68
46 37
46 17
46 67
46 35
13 51
13 7
13 17
13 4
13 67
13 75
51 17
51 35
51 67
51 69
51 75
51 65
51 4
51 7
51 37
17 37
17 4
17 69
17 65
17 7
17 35
17 68
17 67
17 75
37 69
37 67
37 75
37 68
37 35
37 65
69 7
69 67
69 35
69 65
7 68
7 4
7 75
7 65
7 67
68 67
68 35
67 75
67 35
67 4
75 4
75 65
4 35
4 65
35 65
