22 13
22 24
22 7
22 17
22 26
22 6
22 18
22 12
22 19
22 29
22 25
22 14
22 28
22 27
22 2
22 15
22 9
22 8
22 16
22 5
22 30
22 10
22 1
22 4
24 30
24 12
24 18
24 11
24 17
24 13
24 25
24 1
24 8
24 2
24 16
24 23
24 15
24 26
24 20
24 5
24 28
24 3
24 4
24 21
24 6
30 5
30 29
30 14
30 20
30 19
30 27
30 26
30 17
30 11
30 21
30 28
30 4
30 18
30 13
30 23
30 25
30 2
30 8
30 12
30 6
30 7
30 16
5 26
5 14
5 17
5 25
5 27
5 8
5 4
5 2
5 3
5 28
5 10
5 15
5 16
5 21
5 11
5 7
5 20
26 7
26 14
26 8
26 28
26 9
26 23
26 6
26 25
26 19
26 2
26 27
26 17
26 29
26 4
26 16
26 20
26 1
26 18
7 9
7 1
7 20
7 17
7 15
7 2
7 11
7 28
7 18
7 23
7 27
7 13
7 12
7 3
9 23
9 17
9 28
9 11
9 25
9 14
9 18
9 3
9 12
9 20
9 10
9 19
9 8
9 27
9 15
23 18
23 27
23 10
23 28
23 21
23 20
23 11
23 19
23 17
23 12
23 14
18 4
18 3
18 15
18 1
18 10
18 25
18 29
18 27
18 20
18 6
18 11
4 12
4 25
4 19
4 13
4 3
4 15
4 1
4 14
4 2
4 28
4 6
4 8
4 21
4 29
12 8
12 21
12 10
12 29
12 27
12 20
12 3
12 17
12 1
12 6
12 28
8 16
8 27
8 25
8 11
8 10
8 15
8 19
8 29
8 28
8 21
8 6
8 17
16 21
16 6
16 20
16 10
16 1
16 28
16 15
16 14
16 2
16 13
16 19
16 3
16 11
16 27
21 3
21 27
21 2
21 11
21 15
21 19
21 1
21 25
21 13
21 10
3 10
3 20
3 28
3 1
3 27
3 14
3 17
3 29
3 2
3 6
3 19
3 13
3 11
3 15
3 25
10 6
10 2
10 13
10 15
10 28
10 25
10 1
10 17
6 19
6 11
6 27
6 28
6 15
6 1
6 2
6 14
6 20
6 17
6 25
19 2
19 28
19 14
19 1
19 11
19 27
19 20
19 13
19 17
2 14
2 1
2 28
2 27
2 11
2 29
2 20
2 25
2 17
14 1
14 13
14 28
14 27
1 28
1 20
1 17
1 15
1 27
1 13
1 25
1 11
1 29
28 27
28 25
28 20
28 13
28 15
27 17
27 29
27 11
27 13
27 20
27 15
27 25
17 15
17 11
17 25
15 20
15 25
15 11
15 13
15 29
20 29
20 25
20 13
20 11
29 25
29 11
29 13
25 11
11 13
