32 48
32 7
32 39
32 43
32 10
32 20
32 3
32 14
32 25
32 9
32 26
32 49
32 6
32 50
32 4
32 30
32 42
32 24
32 11
32 34
32 13
32 41
32 27
32 37
32 23
32 28
32 29
32 46
32 45
32 19
32 40
32 1
32 33
32 21
32 44
32 2
7 5
7 20
7 46
7 3
7 48
7 26
7 38
7 33
7 50
7 2
7 24
7 1
7 40
7 19
7 45
7 42
7 22
7 30
7 17
7 28
7 23
7 29
7 8
7 6
7 39
7 37
7 49
7 21
7 16
7 4
7 34
7 36
7 41
7 25
7 12
7 13
7 10
7 11
7 44
5 23
5 50
5 44
5 2
5 39
5 1
5 13
5 33
5 27
5 18
5 31
5 15
5 10
5 24
5 9
5 6
5 17
5 34
5 36
5 30
5 22
5 20
5 45
5 14
5 11
5 29
5 26
5 19
5 41
5 46
5 28
5 49
5 40
5 8
5 37
5 21
5 42
23 2
23 31
23 37
23 49
23 40
23 27
23 13
23 39
23 26
23 10
23 14
23 29
23 4
23 17
23 25
23 28
23 15
23 44
23 34
23 1
23 22
23 41
23 20
23 36
23 48
23 43
23 21
23 30
23 33
23 16
23 19
23 6
23 46
2 30
2 49
2 15
2 16
2 45
2 8
2 11
2 35
2 19
2 46
2 3
2 26
2 20
2 38
2 44
2 40
2 28
2 21
2 41
2 14
2 6
2 13
2 39
2 17
2 31
2 27
2 12
2 24
2 29
2 47
2 34
2 25
30 19
30 6
30 29
30 31
30 9
30 24
30 47
30 15
30 42
30 11
30 14
30 10
30 35
30 17
30 38
30 27
30 39
30 22
30 46
30 18
30 45
30 37
30 28
30 49
30 34
30 1
30 8
30 41
30 20
30 40
30 12
19 6
19 35
19 21
19 47
19 41
19 34
19 22
19 28
19 16
19 43
19 25
19 13
19 44
19 20
19 17
19 46
19 36
19 40
19 10
19 26
19 50
19 45
19 24
19 39
19 48
19 14
19 31
19 18
19 4
19 33
19 38
19 49
19 27
19 29
6 28
6 41
6 29
6 43
6 15
6 20
6 3
6 34
6 16
6 21
6 47
6 4
6 17
6 37
6 9
6 49
6 24
6 13
6 45
6 8
6 18
6 26
6 38
6 44
6 31
6 27
6 39
6 48
6 22
6 40
6 36
6 35
6 42
28 4
28 22
28 1
28 45
28 26
28 35
28 10
28 17
28 20
28 46
28 36
28 18
28 21
28 8
28 14
28 29
28 37
28 25
28 34
28 49
28 44
28 13
28 24
28 41
28 12
28 27
4 17
4 36
4 33
4 31
4 11
4 18
4 37
4 41
4 26
4 42
4 47
4 27
4 22
4 40
4 43
4 8
4 13
4 20
4 38
4 44
4 3
4 24
4 39
4 10
4 16
4 48
17 43
17 24
17 26
17 15
17 16
17 45
17 20
17 48
17 35
17 1
17 13
17 11
17 34
17 50
17 3
17 8
17 25
17 36
17 22
43 34
43 44
43 45
43 26
43 48
43 15
43 31
43 38
43 21
43 11
43 42
43 40
43 50
43 24
43 27
43 36
43 37
43 49
43 29
43 20
43 33
43 41
43 9
43 3
43 35
43 14
43 46
43 16
43 1
43 47
43 22
43 18
34 36
34 47
34 48
34 33
34 20
34 9
34 10
34 44
34 24
34 42
34 27
34 39
34 3
34 1
34 29
34 12
34 49
34 38
34 15
34 50
34 13
34 35
34 25
34 11
34 31
36 49
36 10
36 44
36 41
36 45
36 46
36 29
36 21
36 50
36 39
36 22
36 42
36 18
36 14
36 26
36 48
36 15
36 9
36 33
36 20
36 35
36 3
36 16
36 40
36 11
36 47
49 14
49 48
49 50
49 42
49 37
49 18
49 25
49 40
49 35
49 44
49 31
49 24
49 33
49 26
49 8
49 47
49 1
49 20
49 12
49 16
49 21
49 3
14 40
14 10
14 44
14 41
14 21
14 45
14 31
14 3
14 15
14 48
14 27
14 12
14 13
14 39
14 35
14 9
14 29
14 50
14 25
14 24
14 22
14 26
14 20
14 1
40 16
40 24
40 9
40 29
40 3
40 13
40 10
40 47
40 45
40 18
40 12
40 50
40 22
40 39
40 38
40 48
40 41
40 1
40 15
40 44
40 42
40 20
40 21
16 15
16 21
16 27
16 46
16 42
16 47
16 25
16 44
16 39
16 48
16 38
16 37
16 13
16 10
16 3
16 20
16 22
16 12
16 24
16 1
16 50
16 45
16 29
15 41
15 24
15 46
15 9
15 29
15 50
15 44
15 38
15 8
15 21
15 31
15 33
15 37
15 20
15 25
15 39
15 22
15 1
15 47
15 11
15 12
15 18
15 35
15 27
15 3
15 13
41 29
41 12
41 39
41 42
41 10
41 21
41 31
41 27
41 48
41 47
41 1
41 46
41 35
41 24
41 37
41 26
41 44
41 20
41 18
41 38
41 11
41 8
41 13
29 24
29 13
29 44
29 18
29 27
29 20
29 1
29 35
29 50
29 38
29 48
29 9
29 8
29 37
29 11
29 45
29 3
29 12
29 47
24 25
24 38
24 8
24 3
24 9
24 20
24 27
24 47
24 26
24 45
24 11
24 31
24 1
24 37
24 48
25 12
25 46
25 48
25 31
25 26
25 42
25 33
25 45
25 38
25 22
25 13
25 39
25 44
25 11
25 3
25 9
25 1
25 35
25 50
25 47
25 37
12 8
12 33
12 3
12 44
12 48
12 20
12 26
12 9
12 22
12 37
12 11
12 21
12 47
12 38
12 31
8 45
8 20
8 11
8 26
8 44
8 13
8 33
8 47
8 37
8 10
8 31
8 18
8 3
8 42
8 35
8 27
8 21
8 50
8 9
8 46
45 31
45 46
45 1
45 44
45 39
45 13
45 10
45 21
45 11
45 47
45 48
45 20
45 38
45 37
45 33
45 42
45 9
45 3
45 26
45 50
31 50
31 20
31 11
31 46
31 22
31 47
31 13
31 35
31 48
31 21
31 44
31 10
31 33
31 9
31 27
31 37
31 39
31 42
50 9
50 27
50 11
50 42
50 21
50 33
50 13
50 26
50 1
50 3
50 47
50 10
50 44
50 37
50 18
50 22
9 13
9 27
9 47
9 39
9 22
9 3
9 26
9 18
9 10
9 37
9 38
9 21
9 20
9 46
9 35
9 42
13 27
13 1
13 47
13 3
13 46
13 38
13 20
13 26
13 48
13 11
13 33
13 35
13 21
13 37
13 18
27 18
27 35
27 3
27 44
27 39
27 38
27 11
27 46
27 37
27 10
27 47
27 48
18 37
18 38
18 1
18 22
18 42
18 48
18 46
18 35
18 39
18 21
18 44
18 47
18 3
18 33
37 38
37 47
37 21
37 1
37 22
37 33
37 46
37 10
37 3
37 39
37 48
38 21
38 1
38 26
38 48
38 35
38 20
38 46
38 47
38 42
38 39
21 42
21 3
21 10
21 33
21 46
21 44
21 35
21 22
21 47
21 1
42 33
42 44
42 3
42 47
42 22
42 11
42 39
42 10
42 46
42 20
33 22
33 35
33 10
33 11
33 3
33 47
33 1
33 44
33 39
33 48
22 35
22 11
22 48
22 10
22 46
22 47
22 20
35 10
35 26
35 3
35 47
35 46
35 11
35 39
35 48
35 20
10 39
10 20
10 44
10 47
10 26
10 11
39 46
39 1
39 26
39 48
46 3
46 47
46 20
46 26
46 44
46 1
3 11
3 47
3 20
3 26
3 44
3 48
3 1
11 44
11 48
11 1
11 26
44 47
44 20
44 26
44 1
47 26
47 48
47 20
47 1
26 20
26 48
20 1
20 48
1 48
