27 33
27 58
27 108
27 120
27 94
27 24
27 57
27 46
27 63
27 32
27 79
27 126
27 114
27 73
27 62
27 117
27 15
27 59
27 9
27 12
27 75
27 8
27 107
27 49
27 51
27 127
27 4
27 138
27 116
27 81
27 61
27 18
27 14
27 56
27 76
27 54
27 47
27 88
27 112
27 52
27 109
27 31
27 104
27 41
27 36
27 13
27 6
27 43
27 98
27 66
27 17
27 102
27 30
27 123
27 65
27 67
27 22
27 115
27 134
27 71
27 70
27 136
27 105
27 10
27 92
27 55
27 122
27 23
27 37
27 139
27 121
27 95
27 78
27 140
27 21
27 133
27 91
27 38
27 44
27 84
27 90
27 87
27 77
27 68
27 50
27 20
27 40
27 125
27 89
27 124
27 85
27 16
27 100
27 129
27 69
27 119
58 52
58 45
58 97
58 42
58 127
58 94
58 75
58 33
58 85
58 76
58 111
58 88
58 13
58 91
58 50
58 37
58 47
58 102
58 28
58 122
58 22
58 106
58 54
58 129
58 134
58 12
58 1
58 81
58 63
58 32
58 87
58 86
58 17
58 112
58 51
58 29
58 131
58 3
58 30
58 90
58 15
58 11
58 23
58 100
58 93
58 128
58 109
58 115
58 67
58 119
58 49
58 64
58 53
58 25
58 69
58 139
58 21
58 103
58 104
58 10
58 35
58 66
58 140
58 83
58 60
58 16
58 124
58 74
58 57
58 19
58 62
58 126
58 105
58 59
58 135
58 71
58 8
58 118
58 136
58 99
58 34
58 123
58 43
58 80
58 133
58 41
58 40
58 2
58 101
58 121
58 72
58 130
58 116
58 110
58 137
58 5
58 138
58 61
58 36
52 118
52 115
52 86
52 15
52 77
52 23
52 90
52 120
52 47
52 116
52 125
52 74
52 140
52 109
52 129
52 135
52 53
52 94
52 105
52 61
52 139
52 73
52 91
52 2
52 128
52 39
52 136
52 80
52 81
52 60
52 133
52 85
52 28
52 45
52 110
52 127
52 12
52 57
52 1
52 40
52 131
52 49
52 72
52 67
52 50
52 64
52 37
52 66
52 4
52 62
52 137
52 13
52 98
52 122
52 30
52 89
52 22
52 46
52 35
52 88
52 84
52 107
52 42
52 17
52 83
52 93
52 76
52 43
52 33
52 38
52 69
52 59
52 75
52 68
52 114
52 41
52 8
52 24
52 44
52 63
52 14
52 18
52 82
52 36
52 99
52 108
52 101
52 132
52 25
52 70
52 21
52 20
52 113
52 112
52 78
52 87
52 111
52 31
52 119
52 32
52 126
52 117
52 56
52 104
52 16
52 26
52 54
52 55
52 92
52 96
52 103
52 138
52 79
52 95
52 7
52 134
118 106
118 6
118 50
118 117
118 104
118 135
118 62
118 90
118 122
118 54
118 89
118 47
118 73
118 139
118 123
118 7
118 67
118 14
118 21
118 39
118 81
118 132
118 86
118 38
118 114
118 80
118 84
118 107
118 66
118 60
118 134
118 77
118 29
118 127
118 94
118 95
118 119
118 24
118 15
118 10
118 36
118 4
118 83
118 140
118 109
118 13
118 22
118 115
118 68
118 31
118 130
118 64
118 18
118 69
118 35
118 87
118 9
118 138
118 97
118 76
118 30
118 128
118 5
118 113
118 56
118 43
118 120
118 136
118 42
118 59
118 111
118 65
118 108
118 8
118 85
118 71
118 101
118 28
118 72
118 11
118 23
118 100
118 110
118 19
118 44
118 16
118 53
118 17
118 121
118 75
118 3
118 96
118 40
118 74
118 129
118 105
118 102
118 37
118 133
118 70
118 99
118 25
118 126
118 34
106 63
106 50
106 49
106 7
106 6
106 70
106 15
106 104
106 62
106 53
106 77
106 44
106 124
106 97
106 116
106 48
106 122
106 72
106 71
106 108
106 89
106 18
106 111
106 65
106 37
106 61
106 2
106 29
106 121
106 85
106 81
106 59
106 127
106 119
106 101
106 12
106 136
106 67
106 34
106 78
106 88
106 76
106 131
106 1
106 20
106 45
106 35
106 102
106 86
106 5
106 28
106 46
106 16
106 93
106 126
106 60
106 112
106 4
106 100
106 109
106 123
106 11
106 56
106 22
106 39
106 41
106 9
106 43
106 23
106 64
106 74
106 82
106 140
106 110
106 69
106 57
106 73
106 113
106 75
106 135
106 42
106 134
106 68
106 3
106 98
106 14
106 114
106 26
106 115
106 87
106 117
106 95
106 38
106 47
106 96
106 103
106 33
106 36
106 40
106 80
106 137
106 90
106 24
106 17
106 129
106 107
106 8
106 120
106 139
106 83
63 3
63 8
63 31
63 120
63 50
63 28
63 134
63 97
63 66
63 103
63 76
63 99
63 68
63 83
63 10
63 23
63 100
63 51
63 34
63 44
63 123
63 133
63 49
63 71
63 18
63 104
63 21
63 113
63 37
63 6
63 35
63 40
63 14
63 109
63 22
63 42
63 89
63 45
63 121
63 130
63 17
63 43
63 16
63 78
63 131
63 107
63 111
63 129
63 92
63 77
63 125
63 122
63 105
63 47
63 1
63 81
63 74
63 93
63 135
63 46
63 137
63 9
63 60
63 127
63 26
63 95
63 53
63 54
63 108
63 33
63 48
63 2
63 139
63 32
63 57
63 101
63 30
63 29
63 115
63 7
63 85
63 64
63 79
63 132
63 55
63 41
63 75
63 59
63 126
63 39
63 24
63 56
63 119
63 114
63 136
63 70
63 84
63 86
63 87
63 82
63 12
63 116
63 140
63 15
63 69
63 4
63 110
63 88
63 112
63 61
3 9
3 42
3 59
3 47
3 6
3 67
3 22
3 56
3 99
3 50
3 49
3 140
3 23
3 126
3 76
3 74
3 109
3 19
3 125
3 105
3 75
3 45
3 1
3 24
3 111
3 77
3 121
3 83
3 69
3 64
3 137
3 2
3 38
3 61
3 28
3 117
3 133
3 30
3 16
3 85
3 62
3 73
3 134
3 41
3 103
3 32
3 37
3 120
3 131
3 46
3 93
3 122
3 96
3 70
3 127
3 97
3 66
3 33
3 80
3 94
3 110
3 124
3 20
3 139
3 101
3 51
3 129
3 54
3 79
3 8
3 15
3 43
3 130
3 12
3 104
3 10
3 60
3 71
3 13
3 100
3 81
3 84
3 72
3 39
3 107
3 89
3 68
3 78
3 102
3 57
9 19
9 115
9 124
9 74
9 127
9 78
9 34
9 137
9 20
9 111
9 82
9 96
9 30
9 99
9 117
9 128
9 71
9 33
9 5
9 131
9 91
9 65
9 110
9 90
9 60
9 80
9 101
9 66
9 86
9 88
9 21
9 133
9 92
9 70
9 35
9 57
9 104
9 26
9 77
9 130
9 103
9 11
9 23
9 140
9 69
9 138
9 61
9 87
9 7
9 139
9 102
9 28
9 18
9 12
9 59
9 14
9 126
9 6
9 4
9 43
9 42
9 108
9 37
9 67
9 16
9 81
9 134
9 2
9 105
9 114
9 107
9 129
9 17
9 8
9 22
9 44
9 109
9 31
9 73
9 83
9 94
9 121
9 72
9 24
9 125
9 10
9 135
9 119
9 38
9 41
9 75
9 56
9 93
9 84
9 48
9 50
9 1
9 47
9 76
9 89
9 68
9 39
9 136
19 64
19 34
19 23
19 114
19 7
19 30
19 76
19 109
19 100
19 124
19 48
19 1
19 74
19 126
19 112
19 70
19 29
19 28
19 97
19 102
19 121
19 73
19 77
19 10
19 32
19 16
19 140
19 36
19 107
19 95
19 78
19 46
19 115
19 5
19 44
19 128
19 24
19 101
19 66
19 15
19 71
19 53
19 89
19 117
19 68
19 61
19 21
19 105
19 14
19 119
19 79
19 75
19 96
19 129
19 12
19 122
19 134
19 65
19 93
19 116
19 22
19 54
19 87
19 138
19 51
19 60
19 50
19 25
19 110
19 35
19 130
19 108
19 40
19 31
19 33
19 41
19 83
19 113
19 133
19 91
19 59
19 94
19 38
19 47
19 103
19 43
19 49
19 82
19 92
19 2
64 6
64 99
64 40
64 76
64 117
64 85
64 102
64 138
64 25
64 71
64 78
64 140
64 37
64 77
64 50
64 13
64 4
64 24
64 60
64 21
64 114
64 109
64 119
64 18
64 44
64 139
64 75
64 87
64 91
64 137
64 95
64 42
64 34
64 16
64 61
64 26
64 54
64 59
64 86
64 74
64 11
64 30
64 7
64 51
64 135
64 68
64 121
64 29
64 5
64 115
64 123
64 92
64 20
64 124
64 48
64 22
64 82
64 98
64 125
64 56
64 1
64 49
64 116
64 38
64 32
64 126
64 36
64 128
64 55
64 23
64 41
64 15
64 31
64 81
64 110
64 28
64 73
64 96
64 35
64 132
64 129
64 90
64 65
64 69
64 57
64 53
64 100
64 12
64 8
64 67
64 47
64 103
64 108
6 49
6 35
6 30
6 61
6 15
6 138
6 99
6 56
6 83
6 59
6 131
6 102
6 69
6 123
6 92
6 5
6 128
6 97
6 89
6 135
6 32
6 86
6 36
6 21
6 103
6 53
6 8
6 12
6 136
6 16
6 26
6 48
6 65
6 40
6 109
6 20
6 139
6 13
6 137
6 31
6 46
6 7
6 88
6 82
6 87
6 47
6 28
6 76
6 114
6 107
6 70
6 94
6 24
6 14
6 126
6 73
6 22
6 10
6 115
6 121
6 105
6 79
6 18
6 98
6 112
6 108
6 54
6 129
6 110
6 23
6 116
6 93
6 122
6 71
6 29
6 39
6 119
6 130
6 43
6 111
6 62
6 96
6 67
6 95
6 38
6 133
6 66
6 117
6 85
6 100
6 51
49 50
49 88
49 25
49 12
49 127
49 97
49 132
49 45
49 37
49 74
49 137
49 20
49 112
49 48
49 121
49 111
49 102
49 96
49 94
49 33
49 126
49 84
49 133
49 139
49 17
49 78
49 42
49 10
49 41
49 123
49 68
49 131
49 107
49 23
49 36
49 29
49 40
49 87
49 140
49 80
49 51
49 4
49 38
49 46
49 39
49 14
49 66
49 76
49 70
49 93
49 117
49 62
49 99
49 72
49 16
49 100
49 129
49 83
49 53
49 60
49 31
49 109
49 103
49 95
49 114
49 55
49 124
49 92
49 110
49 125
49 138
49 79
49 85
49 130
49 77
49 54
49 135
49 30
49 8
49 86
49 73
49 65
49 35
49 89
49 119
49 82
49 122
50 111
50 127
50 26
50 104
50 43
50 69
50 113
50 61
50 40
50 135
50 139
50 138
50 11
50 86
50 35
50 116
50 51
50 2
50 57
50 60
50 24
50 126
50 65
50 75
50 59
50 73
50 131
50 36
50 92
50 18
50 124
50 103
50 99
50 80
50 101
50 102
50 70
50 72
50 12
50 1
50 67
50 115
50 66
50 23
50 34
50 8
50 133
50 78
50 32
50 44
50 140
50 17
50 137
50 7
50 117
50 54
50 38
50 94
50 31
50 74
50 76
50 91
50 88
50 28
50 13
50 132
50 93
50 22
50 136
50 41
50 125
50 134
50 108
50 123
50 119
50 105
50 47
50 87
50 114
50 48
50 33
50 77
50 14
50 62
50 83
50 82
50 100
50 25
50 112
50 90
50 129
50 128
50 20
50 96
50 120
111 40
111 67
111 77
111 56
111 38
111 37
111 83
111 11
111 124
111 91
111 24
111 1
111 113
111 12
111 14
111 2
111 45
111 15
111 134
111 26
111 107
111 108
111 73
111 105
111 94
111 22
111 48
111 85
111 116
111 117
111 133
111 60
111 47
111 13
111 65
111 137
111 90
111 16
111 109
111 42
111 17
111 96
111 135
111 32
111 10
111 34
111 92
111 25
111 122
111 102
111 139
111 76
111 112
111 84
111 86
111 68
111 66
111 72
111 4
111 114
111 128
111 115
111 136
111 23
111 29
111 74
111 123
111 138
111 130
111 104
111 81
111 71
111 59
111 57
111 80
111 54
111 61
111 87
111 93
111 79
111 97
111 7
111 39
111 125
40 70
40 132
40 36
40 35
40 59
40 34
40 71
40 134
40 127
40 61
40 23
40 77
40 74
40 69
40 18
40 123
40 38
40 15
40 13
40 78
40 37
40 102
40 129
40 126
40 116
40 82
40 96
40 24
40 105
40 47
40 135
40 110
40 122
40 12
40 53
40 128
40 79
40 5
40 91
40 30
40 16
40 121
40 139
40 98
40 114
40 130
40 112
40 99
40 73
40 51
40 57
40 109
40 108
40 42
40 39
40 92
40 117
40 44
40 94
40 87
40 101
40 125
40 104
40 17
40 26
40 21
40 62
40 67
40 93
40 113
40 120
40 138
40 54
40 4
40 41
40 43
40 140
40 83
40 33
40 124
40 103
40 31
40 11
40 66
40 48
40 89
40 137
40 22
40 32
40 65
70 130
70 85
70 7
70 65
70 56
70 67
70 84
70 100
70 128
70 20
70 26
70 14
70 42
70 62
70 125
70 86
70 41
70 73
70 88
70 39
70 82
70 15
70 113
70 94
70 60
70 10
70 48
70 103
70 121
70 117
70 1
70 132
70 101
70 24
70 44
70 107
70 59
70 108
70 99
70 140
70 36
70 77
70 90
70 93
70 112
70 81
70 78
70 131
70 127
70 97
70 54
70 12
70 136
70 30
70 134
70 75
70 38
70 11
70 71
70 66
70 68
70 37
70 137
70 2
70 55
70 76
70 83
70 116
70 122
70 74
70 114
70 123
70 80
70 46
70 129
70 18
70 91
70 105
70 34
70 5
70 43
70 79
70 98
70 124
70 135
70 102
70 13
70 57
70 23
70 35
70 109
70 28
70 115
70 22
130 1
130 97
130 28
130 62
130 126
130 72
130 80
130 12
130 125
130 8
130 98
130 22
130 96
130 30
130 15
130 33
130 136
130 79
130 116
130 38
130 10
130 92
130 85
130 59
130 61
130 121
130 5
130 42
130 95
130 43
130 35
130 47
130 39
130 34
130 123
130 57
130 7
130 51
130 20
130 88
130 108
130 13
130 17
130 135
130 86
130 65
130 69
130 32
130 76
130 99
130 105
130 133
130 74
130 110
130 115
130 11
130 127
130 46
130 23
130 14
130 2
130 104
130 54
130 117
130 137
130 112
130 66
130 89
130 138
130 101
130 120
130 134
130 71
130 90
130 36
130 45
130 41
130 93
130 55
130 56
130 139
130 16
130 81
130 4
130 44
1 46
1 41
1 93
1 60
1 71
1 140
1 91
1 39
1 16
1 35
1 8
1 53
1 128
1 100
1 122
1 21
1 105
1 14
1 103
1 115
1 56
1 116
1 80
1 20
1 12
1 23
1 62
1 45
1 139
1 37
1 57
1 42
1 13
1 102
1 79
1 113
1 5
1 125
1 83
1 87
1 89
1 109
1 104
1 81
1 120
1 121
1 2
1 18
1 34
1 129
1 108
1 112
1 65
1 55
1 25
1 74
1 44
1 32
1 99
1 48
1 123
1 17
1 15
1 107
1 33
1 94
1 72
1 84
1 7
1 24
1 30
1 124
1 88
1 36
1 110
1 119
1 135
1 67
1 114
1 127
1 75
1 82
46 80
46 101
46 56
46 12
46 122
46 4
46 14
46 28
46 120
46 125
46 100
46 60
46 127
46 95
46 96
46 20
46 39
46 135
46 7
46 55
46 81
46 123
46 139
46 140
46 87
46 57
46 103
46 119
46 82
46 66
46 98
46 68
46 67
46 112
46 22
46 69
46 47
46 108
46 61
46 2
46 8
46 78
46 35
46 114
46 99
46 17
46 134
46 109
46 65
46 77
46 107
46 48
46 105
46 71
46 5
46 72
46 117
46 38
46 51
46 92
46 138
46 90
46 15
46 76
46 126
46 121
46 18
46 91
46 29
46 32
46 13
46 133
46 44
46 132
46 31
46 110
46 74
46 34
46 131
46 36
46 42
46 10
46 137
80 31
80 90
80 79
80 103
80 135
80 37
80 110
80 83
80 128
80 109
80 124
80 13
80 30
80 88
80 87
80 14
80 113
80 22
80 139
80 112
80 126
80 84
80 98
80 25
80 114
80 100
80 42
80 8
80 21
80 51
80 119
80 75
80 132
80 69
80 85
80 117
80 91
80 73
80 48
80 55
80 95
80 78
80 93
80 102
80 57
80 26
80 94
80 24
80 15
80 74
80 115
80 41
80 140
80 123
80 127
80 97
80 133
80 60
80 89
80 45
80 129
80 33
80 39
80 56
80 36
80 12
80 76
80 16
80 68
80 108
80 28
80 92
80 72
80 17
80 11
80 32
80 29
80 20
80 125
80 104
80 138
80 54
80 134
80 38
80 71
80 101
80 35
31 119
31 32
31 69
31 71
31 39
31 38
31 59
31 26
31 48
31 127
31 114
31 7
31 92
31 81
31 86
31 44
31 132
31 41
31 91
31 104
31 125
31 23
31 79
31 113
31 121
31 62
31 89
31 103
31 115
31 100
31 13
31 136
31 43
31 94
31 24
31 107
31 138
31 93
31 68
31 8
31 84
31 120
31 108
31 99
31 109
31 123
31 12
31 88
31 51
31 22
31 83
31 95
31 135
31 65
31 21
31 61
31 36
31 75
31 35
31 42
31 45
31 29
31 4
31 110
31 126
31 54
31 137
31 57
31 105
31 74
31 20
31 18
31 131
31 133
31 11
31 78
31 129
31 90
31 77
31 140
31 10
31 25
31 34
119 137
119 103
119 87
119 97
119 10
119 57
119 13
119 79
119 92
119 71
119 78
119 17
119 124
119 12
119 54
119 5
119 74
119 7
119 25
119 136
119 114
119 112
119 134
119 38
119 44
119 8
119 132
119 95
119 69
119 18
119 101
119 90
119 51
119 82
119 21
119 116
119 35
119 72
119 129
119 123
119 77
119 73
119 34
119 23
119 131
119 83
119 89
119 68
119 84
119 96
119 122
119 66
119 99
119 86
119 48
119 29
119 43
119 4
119 126
119 100
119 121
119 94
119 26
119 28
119 37
119 2
119 107
119 32
119 135
119 81
119 30
119 45
119 76
119 62
119 128
119 75
137 84
137 131
137 125
137 113
137 35
137 26
137 22
137 12
137 29
137 86
137 2
137 38
137 93
137 120
137 67
137 108
137 99
137 14
137 28
137 75
137 21
137 117
137 51
137 68
137 78
137 65
137 124
137 123
137 94
137 13
137 79
137 128
137 129
137 45
137 126
137 30
137 56
137 17
137 90
137 36
137 43
137 135
137 89
137 92
137 115
137 95
137 48
137 60
137 10
137 39
137 114
137 83
137 73
137 47
137 101
137 59
137 85
137 24
137 116
137 104
137 127
137 16
137 57
137 18
137 69
137 139
137 138
137 53
137 37
137 34
137 100
137 66
137 109
137 103
137 96
137 77
137 132
84 135
84 102
84 136
84 56
84 28
84 48
84 11
84 98
84 29
84 132
84 75
84 78
84 71
84 67
84 51
84 34
84 45
84 16
84 104
84 92
84 47
84 76
84 4
84 73
84 21
84 59
84 72
84 131
84 99
84 25
84 107
84 5
84 108
84 69
84 18
84 109
84 113
84 95
84 85
84 126
84 124
84 133
84 68
84 32
84 61
84 35
84 93
84 123
84 140
84 81
84 105
84 139
84 30
84 121
84 134
84 17
84 97
84 94
84 42
84 36
84 112
84 12
84 114
84 24
84 10
84 65
84 66
84 20
84 54
84 115
84 83
84 74
84 103
84 55
84 22
84 15
84 37
84 122
135 128
135 57
135 13
135 38
135 24
135 16
135 74
135 79
135 82
135 72
135 102
135 81
135 89
135 132
135 61
135 68
135 131
135 5
135 122
135 51
135 47
135 116
135 138
135 96
135 93
135 53
135 88
135 66
135 99
135 78
135 107
135 91
135 75
135 69
135 121
135 43
135 103
135 108
135 104
135 42
135 110
135 34
135 117
135 62
135 28
135 71
135 90
135 18
135 115
135 60
135 120
135 123
135 7
135 140
135 113
135 134
135 97
135 23
135 30
135 20
135 73
135 67
135 37
135 55
135 36
135 41
135 11
135 54
135 76
135 8
135 136
135 105
135 77
135 59
135 14
135 2
135 127
128 81
128 24
128 15
128 122
128 107
128 13
128 48
128 112
128 102
128 72
128 110
128 140
128 23
128 129
128 22
128 100
128 82
128 65
128 104
128 90
128 67
128 101
128 86
128 5
128 43
128 25
128 4
128 18
128 53
128 35
128 21
128 34
128 136
128 74
128 29
128 61
128 89
128 132
128 26
128 42
128 109
128 95
128 17
128 37
128 44
128 38
128 33
128 28
128 79
128 105
128 121
128 59
128 91
128 117
128 123
128 131
128 113
128 133
128 78
128 10
128 57
128 16
128 108
128 11
128 85
128 45
128 73
128 126
128 54
128 114
128 115
128 2
81 41
81 42
81 16
81 97
81 33
81 72
81 107
81 93
81 138
81 134
81 44
81 13
81 61
81 101
81 89
81 131
81 86
81 35
81 20
81 15
81 68
81 123
81 5
81 73
81 95
81 103
81 38
81 37
81 99
81 85
81 105
81 18
81 55
81 62
81 92
81 22
81 76
81 132
81 11
81 54
81 36
81 79
81 115
81 110
81 140
81 48
81 136
81 8
81 108
81 56
81 117
81 4
81 23
81 71
81 83
81 29
81 34
81 43
81 87
81 88
81 60
81 51
81 133
81 32
81 124
81 114
81 78
81 7
81 77
81 120
81 47
81 57
81 121
81 127
81 116
81 91
81 28
81 59
81 65
81 122
81 98
41 32
41 51
41 103
41 75
41 126
41 23
41 39
41 54
41 48
41 7
41 34
41 21
41 101
41 30
41 108
41 24
41 62
41 33
41 25
41 44
41 5
41 117
41 105
41 60
41 100
41 74
41 28
41 29
41 140
41 129
41 79
41 99
41 112
41 73
41 15
41 89
41 67
41 96
41 43
41 139
41 36
41 22
41 66
41 109
41 20
41 127
41 65
41 71
41 124
41 116
41 136
41 121
41 88
41 87
41 55
41 2
41 61
41 114
41 134
41 125
41 38
41 91
41 97
41 83
41 78
41 90
41 13
41 122
41 17
41 11
41 107
41 18
41 42
41 45
41 59
41 120
41 37
32 47
32 72
32 62
32 26
32 140
32 100
32 131
32 91
32 21
32 4
32 101
32 134
32 79
32 113
32 117
32 120
32 139
32 116
32 71
32 115
32 123
32 36
32 126
32 20
32 13
32 22
32 88
32 15
32 33
32 42
32 61
32 127
32 92
32 14
32 59
32 60
32 76
32 77
32 2
32 12
32 48
32 93
32 25
32 133
32 82
32 68
32 138
32 105
32 122
32 97
32 55
32 35
32 136
32 67
32 34
32 78
32 108
32 132
32 103
32 43
32 28
32 18
32 37
32 66
32 102
32 124
32 16
32 44
32 56
32 85
32 114
32 86
32 87
32 95
32 74
32 8
32 17
32 112
32 104
32 54
32 11
32 51
47 133
47 136
47 25
47 108
47 99
47 66
47 65
47 97
47 7
47 37
47 116
47 24
47 4
47 20
47 28
47 15
47 134
47 16
47 112
47 21
47 33
47 23
47 12
47 48
47 122
47 102
47 103
47 93
47 82
47 85
47 59
47 125
47 67
47 29
47 42
47 131
47 5
47 100
47 95
47 69
47 114
47 110
47 109
47 138
47 86
47 68
47 55
47 39
47 43
47 90
47 38
47 98
47 26
47 117
47 94
47 11
47 72
47 14
47 34
47 61
47 105
47 57
47 8
47 75
47 87
47 115
47 83
47 74
47 76
47 60
47 129
47 123
47 113
47 78
47 132
47 124
47 18
47 107
47 120
47 92
47 36
133 13
133 90
133 125
133 77
133 53
133 28
133 75
133 97
133 134
133 15
133 126
133 69
133 85
133 22
133 26
133 24
133 99
133 92
133 36
133 113
133 100
133 88
133 103
133 16
133 71
133 48
133 2
133 11
133 95
133 29
133 62
133 7
133 105
133 45
133 59
133 139
133 83
133 37
133 76
133 131
133 12
133 21
133 51
133 42
133 4
133 34
133 73
133 55
133 25
133 129
133 39
133 5
133 65
133 91
133 78
133 23
133 66
133 79
133 54
133 108
133 112
133 98
133 96
133 20
133 67
133 104
133 114
133 14
133 35
133 110
133 136
133 138
133 17
133 123
133 82
133 116
133 57
133 124
133 61
133 72
133 140
133 43
133 120
133 60
133 93
13 126
13 97
13 79
13 14
13 68
13 82
13 91
13 77
13 114
13 48
13 93
13 39
13 105
13 101
13 140
13 96
13 138
13 78
13 109
13 100
13 131
13 92
13 61
13 42
13 37
13 132
13 108
13 107
13 8
13 85
13 76
13 21
13 7
13 139
13 99
13 20
13 122
13 65
13 123
13 89
13 51
13 57
13 12
13 34
13 36
13 102
13 87
13 117
13 120
13 33
13 18
13 17
13 38
13 125
13 5
13 134
13 59
13 69
13 115
13 113
13 24
13 73
13 44
13 35
13 11
13 16
13 136
13 98
13 104
13 29
13 86
13 95
13 23
13 112
13 53
13 43
126 44
126 29
126 18
126 85
126 131
126 134
126 74
126 78
126 88
126 114
126 54
126 104
126 89
126 57
126 55
126 99
126 115
126 76
126 22
126 33
126 66
126 117
126 77
126 68
126 48
126 56
126 71
126 95
126 113
126 75
126 24
126 92
126 45
126 83
126 8
126 73
126 69
126 140
126 98
126 10
126 51
126 110
126 60
126 5
126 112
126 17
126 79
126 91
126 120
126 100
126 12
126 103
126 25
126 16
126 53
126 23
126 123
126 122
126 34
126 43
126 11
126 121
44 86
44 136
44 22
44 94
44 60
44 74
44 73
44 127
44 67
44 55
44 100
44 59
44 23
44 53
44 117
44 2
44 108
44 17
44 103
44 114
44 101
44 96
44 122
44 134
44 68
44 89
44 87
44 51
44 104
44 62
44 79
44 112
44 30
44 24
44 139
44 43
44 131
44 25
44 97
44 12
44 56
44 18
44 35
44 115
44 54
44 15
44 121
44 95
44 11
44 39
44 34
44 109
44 37
44 57
44 116
44 99
44 36
44 88
44 61
44 4
44 26
44 140
44 107
44 120
44 77
44 129
44 82
44 91
44 33
44 38
44 66
44 72
44 102
44 65
44 48
44 85
86 85
86 78
86 65
86 56
86 71
86 28
86 113
86 59
86 82
86 45
86 72
86 12
86 91
86 16
86 88
86 99
86 112
86 53
86 68
86 61
86 127
86 60
86 115
86 8
86 51
86 94
86 103
86 62
86 140
86 139
86 83
86 132
86 14
86 75
86 124
86 98
86 38
86 18
86 134
86 121
86 136
86 131
86 21
86 15
86 30
86 29
86 2
86 69
86 7
86 108
86 37
86 5
86 25
86 102
86 48
86 39
86 57
86 117
86 109
86 97
86 22
86 114
86 42
86 92
86 122
86 73
86 96
86 90
86 107
86 95
86 87
86 93
86 110
86 55
86 36
86 54
86 89
86 24
86 116
86 26
86 43
86 77
85 117
85 26
85 72
85 12
85 124
85 129
85 83
85 69
85 22
85 90
85 121
85 39
85 56
85 98
85 134
85 136
85 14
85 110
85 93
85 7
85 20
85 101
85 108
85 29
85 48
85 30
85 25
85 114
85 71
85 54
85 55
85 87
85 34
85 8
85 89
85 82
85 78
85 28
85 10
85 37
85 35
85 88
85 77
85 140
85 122
85 59
85 120
85 127
85 67
85 76
85 138
85 33
85 100
85 115
85 116
85 17
85 5
85 107
85 38
85 43
85 21
85 23
85 94
85 15
85 60
117 56
117 112
117 136
117 65
117 77
117 48
117 35
117 79
117 24
117 102
117 96
117 66
117 22
117 16
117 120
117 104
117 59
117 72
117 5
117 132
117 67
117 78
117 4
117 39
117 30
117 51
117 69
117 93
117 108
117 62
117 92
117 68
117 125
117 138
117 83
117 42
117 18
117 113
117 45
117 20
117 110
117 7
117 114
117 89
117 17
117 2
117 37
117 55
117 76
117 134
117 100
117 28
117 127
117 36
117 101
117 10
117 61
117 95
117 105
117 131
117 122
117 12
117 73
117 97
117 87
117 129
117 54
117 90
117 121
117 21
117 14
117 107
117 116
56 125
56 57
56 21
56 60
56 23
56 69
56 62
56 132
56 138
56 48
56 98
56 139
56 14
56 83
56 124
56 131
56 129
56 100
56 20
56 105
56 68
56 53
56 10
56 104
56 51
56 59
56 24
56 97
56 43
56 36
56 29
56 96
56 45
56 25
56 82
56 2
56 76
56 55
56 134
56 90
56 108
56 8
56 4
56 30
56 122
56 71
56 102
56 61
56 116
56 93
56 109
56 101
56 72
56 91
56 67
56 7
56 95
56 136
56 127
56 107
56 121
56 87
56 26
56 39
56 78
56 73
125 43
125 24
125 62
125 65
125 74
125 71
125 34
125 129
125 12
125 83
125 5
125 104
125 99
125 36
125 122
125 2
125 101
125 57
125 100
125 11
125 16
125 39
125 4
125 69
125 38
125 89
125 105
125 114
125 21
125 87
125 121
125 73
125 79
125 78
125 97
125 77
125 88
125 51
125 138
125 102
125 95
125 132
125 35
125 127
125 134
125 10
125 14
125 55
125 96
125 42
125 15
125 33
125 116
125 140
125 53
125 68
125 139
125 18
125 59
125 54
125 110
125 107
125 72
125 60
125 25
43 104
43 45
43 140
43 101
43 77
43 83
43 59
43 87
43 67
43 131
43 57
43 102
43 90
43 23
43 109
43 11
43 34
43 15
43 96
43 72
43 136
43 2
43 114
43 36
43 139
43 48
43 112
43 12
43 55
43 92
43 61
43 62
43 51
43 69
43 124
43 113
43 76
43 17
43 98
43 95
43 33
43 53
43 54
43 8
43 5
43 68
43 94
43 121
43 4
43 107
43 79
43 73
43 89
43 100
43 18
43 29
43 82
43 134
43 21
43 42
43 115
43 93
43 26
43 20
43 108
43 75
43 74
104 87
104 76
104 116
104 97
104 79
104 18
104 15
104 73
104 114
104 4
104 109
104 11
104 36
104 34
104 22
104 140
104 92
104 45
104 54
104 28
104 112
104 110
104 14
104 108
104 16
104 17
104 132
104 30
104 25
104 42
104 89
104 12
104 120
104 113
104 24
104 51
104 53
104 66
104 94
104 121
104 65
104 95
104 26
104 93
104 136
104 7
104 10
104 90
104 69
104 102
104 8
104 75
104 72
104 77
104 57
104 127
104 83
104 71
104 122
104 98
104 101
104 100
104 105
104 134
104 67
104 123
104 35
104 99
104 37
104 103
104 74
104 38
104 61
104 129
104 2
104 96
87 16
87 62
87 132
87 55
87 90
87 88
87 42
87 66
87 7
87 109
87 139
87 65
87 29
87 10
87 96
87 73
87 23
87 97
87 74
87 91
87 4
87 78
87 28
87 14
87 103
87 131
87 11
87 92
87 120
87 35
87 18
87 82
87 8
87 24
87 134
87 102
87 89
87 123
87 127
87 94
87 124
87 98
87 108
87 60
87 138
87 2
87 54
87 115
87 15
87 51
87 45
87 34
87 21
87 33
87 136
87 113
87 93
87 22
87 25
87 48
87 20
87 83
87 5
87 121
87 100
87 30
87 140
87 79
87 67
16 108
16 21
16 71
16 7
16 23
16 78
16 96
16 59
16 116
16 29
16 115
16 39
16 101
16 112
16 53
16 91
16 54
16 136
16 15
16 34
16 65
16 88
16 4
16 95
16 131
16 123
16 2
16 77
16 5
16 75
16 99
16 68
16 26
16 14
16 45
16 103
16 92
16 114
16 69
16 22
16 24
16 62
16 120
16 11
16 66
16 30
16 72
16 74
16 97
16 73
16 127
16 48
16 134
16 38
16 109
16 37
16 42
16 98
16 121
16 20
16 122
16 132
16 57
16 140
16 105
16 12
16 129
16 79
108 90
108 115
108 60
108 11
108 134
108 109
108 45
108 92
108 140
108 93
108 94
108 71
108 20
108 123
108 29
108 33
108 122
108 78
108 37
108 61
108 66
108 42
108 98
108 138
108 82
108 89
108 38
108 76
108 105
108 67
108 62
108 102
108 15
108 73
108 21
108 96
108 17
108 51
108 74
108 136
108 34
108 59
108 36
108 35
108 107
108 72
108 113
108 23
108 97
108 131
108 121
108 8
108 65
108 4
108 95
108 103
108 132
108 75
108 139
108 30
108 114
108 12
108 69
108 110
108 2
90 26
90 34
90 14
90 57
90 59
90 82
90 129
90 36
90 42
90 78
90 66
90 122
90 75
90 8
90 72
90 61
90 83
90 51
90 124
90 77
90 114
90 25
90 127
90 18
90 140
90 20
90 105
90 62
90 79
90 65
90 12
90 113
90 139
90 95
90 5
90 15
90 54
90 112
90 96
90 74
90 115
90 23
90 28
90 92
90 131
90 109
90 22
90 107
90 39
90 38
90 11
90 17
90 33
90 138
90 71
90 121
90 53
90 100
90 116
90 7
90 35
90 98
90 93
90 2
90 88
90 136
90 110
26 105
26 42
26 25
26 127
26 93
26 134
26 99
26 55
26 60
26 30
26 136
26 140
26 79
26 24
26 89
26 103
26 121
26 57
26 98
26 96
26 34
26 5
26 97
26 37
26 76
26 139
26 28
26 73
26 33
26 78
26 124
26 114
26 71
26 7
26 102
26 107
26 4
26 66
26 69
26 36
26 132
26 131
26 11
26 110
26 77
26 92
26 14
26 91
26 38
26 10
26 23
26 109
26 75
26 138
26 65
26 72
26 18
26 100
26 74
26 15
26 8
26 2
26 83
26 35
105 42
105 134
105 99
105 20
105 94
105 92
105 76
105 116
105 35
105 78
105 100
105 14
105 10
105 123
105 91
105 68
105 122
105 62
105 97
105 77
105 53
105 121
105 93
105 124
105 57
105 15
105 139
105 110
105 102
105 65
105 33
105 2
105 51
105 73
105 48
105 11
105 34
105 60
105 59
105 61
105 38
105 45
105 120
105 82
105 127
105 37
105 72
105 113
105 107
105 109
105 54
105 138
105 39
105 79
105 114
105 140
105 24
105 30
105 101
105 28
105 29
105 112
42 122
42 34
42 17
42 10
42 45
42 21
42 37
42 2
42 33
42 77
42 120
42 124
42 132
42 28
42 116
42 7
42 93
42 25
42 113
42 62
42 136
42 14
42 99
42 89
42 134
42 127
42 30
42 121
42 71
42 72
42 53
42 5
42 114
42 35
42 140
42 109
42 107
42 23
42 92
42 76
42 4
42 36
42 131
42 123
42 115
42 57
42 60
42 83
42 39
42 82
42 66
42 38
42 139
42 110
42 138
42 67
42 68
42 73
42 55
42 103
42 129
42 29
42 18
122 82
122 113
122 112
122 71
122 11
122 79
122 127
122 66
122 92
122 73
122 30
122 35
122 138
122 139
122 109
122 96
122 116
122 124
122 110
122 38
122 15
122 93
122 72
122 134
122 102
122 89
122 57
122 18
122 59
122 12
122 65
122 2
122 8
122 5
122 115
122 69
122 22
122 28
122 132
122 114
122 33
122 123
122 91
122 100
122 103
122 4
122 120
122 21
122 140
122 62
122 20
122 131
122 121
122 95
122 24
122 51
122 48
122 55
122 75
82 54
82 72
82 14
82 71
82 102
82 75
82 35
82 134
82 62
82 92
82 77
82 66
82 17
82 140
82 45
82 69
82 57
82 132
82 21
82 53
82 23
82 136
82 129
82 121
82 29
82 67
82 109
82 5
82 139
82 36
82 131
82 7
82 127
82 101
82 38
82 83
82 93
82 20
82 88
82 74
82 89
82 28
82 96
82 48
82 60
82 103
82 114
82 107
82 124
82 12
82 78
82 123
82 39
82 138
82 51
82 110
82 59
82 100
82 25
82 15
82 95
54 12
54 39
54 71
54 25
54 2
54 11
54 45
54 21
54 67
54 35
54 4
54 69
54 110
54 29
54 76
54 132
54 100
54 96
54 15
54 140
54 127
54 109
54 103
54 37
54 22
54 51
54 75
54 114
54 53
54 55
54 99
54 123
54 30
54 98
54 10
54 7
54 134
54 139
54 112
54 68
54 14
54 129
54 74
54 94
54 23
54 18
54 61
54 113
54 115
54 97
54 107
54 60
54 48
54 17
54 88
54 116
54 73
54 79
54 20
54 101
54 24
54 131
54 83
54 72
54 91
54 89
54 124
54 33
12 55
12 71
12 66
12 83
12 37
12 23
12 76
12 68
12 53
12 29
12 103
12 75
12 10
12 20
12 99
12 79
12 77
12 11
12 59
12 39
12 38
12 124
12 14
12 78
12 94
12 15
12 21
12 91
12 72
12 102
12 67
12 88
12 136
12 107
12 89
12 2
12 5
12 17
12 131
12 62
12 33
12 109
12 123
12 61
12 30
12 116
12 28
12 134
12 74
12 139
12 96
12 114
12 140
12 60
12 138
12 7
12 65
12 35
12 8
55 60
55 38
55 107
55 89
55 45
55 22
55 20
55 37
55 30
55 110
55 17
55 65
55 134
55 61
55 28
55 114
55 76
55 21
55 36
55 93
55 48
55 120
55 95
55 79
55 24
55 112
55 59
55 100
55 99
55 29
55 75
55 15
55 68
55 51
55 123
55 71
55 139
55 121
55 78
55 72
55 92
55 10
55 94
55 5
55 57
55 77
55 98
55 8
55 96
55 103
55 131
55 115
55 18
55 124
55 101
60 57
60 139
60 116
60 67
60 24
60 131
60 98
60 129
60 69
60 73
60 23
60 33
60 110
60 109
60 124
60 93
60 79
60 10
60 34
60 75
60 35
60 99
60 48
60 11
60 103
60 95
60 89
60 97
60 91
60 21
60 71
60 18
60 120
60 2
60 114
60 127
60 4
60 72
60 28
60 76
60 136
60 45
60 92
60 100
60 8
60 59
60 102
60 78
60 30
60 5
60 39
60 25
60 14
60 94
60 68
60 61
60 53
60 83
60 96
60 65
60 17
60 113
60 66
60 121
57 92
57 95
57 4
57 24
57 62
57 48
57 17
57 129
57 132
57 99
57 134
57 18
57 127
57 11
57 97
57 14
57 74
57 100
57 67
57 102
57 76
57 101
57 103
57 109
57 68
57 2
57 73
57 110
57 25
57 72
57 115
57 114
57 77
57 96
57 20
57 59
57 65
57 69
57 29
57 8
57 38
57 61
57 7
57 98
57 21
57 66
57 93
57 88
57 51
57 121
57 39
57 89
57 53
57 34
57 23
57 113
57 116
57 36
57 37
57 91
57 138
92 113
92 115
92 21
92 23
92 8
92 51
92 18
92 138
92 48
92 140
92 69
92 39
92 109
92 30
92 14
92 136
92 98
92 112
92 77
92 7
92 100
92 66
92 34
92 78
92 93
92 53
92 95
92 129
92 29
92 91
92 121
92 33
92 11
92 65
92 79
92 10
92 102
92 99
92 71
92 28
92 83
92 76
92 127
92 139
92 25
92 103
92 61
92 73
92 94
92 37
92 132
92 36
92 116
92 35
92 20
92 107
113 116
113 66
113 45
113 2
113 139
113 83
113 36
113 138
113 68
113 129
113 14
113 7
113 37
113 131
113 98
113 22
113 39
113 94
113 97
113 79
113 93
113 115
113 95
113 114
113 33
113 23
113 61
113 88
113 35
113 4
113 109
113 72
113 120
113 127
113 140
113 136
113 8
113 69
113 65
113 28
113 103
113 15
113 102
113 112
113 24
113 71
113 74
113 123
113 101
113 51
113 89
113 59
113 11
113 21
113 67
113 76
113 20
116 51
116 107
116 127
116 67
116 96
116 101
116 115
116 30
116 17
116 68
116 7
116 139
116 91
116 18
116 59
116 112
116 14
116 20
116 25
116 134
116 66
116 94
116 38
116 21
116 136
116 77
116 78
116 131
116 83
116 4
116 121
116 88
116 72
116 53
116 102
116 45
116 109
116 11
116 120
116 95
116 75
116 93
116 37
116 2
116 123
116 48
116 69
116 129
116 5
116 110
116 35
116 62
116 100
116 10
116 132
116 34
116 36
116 61
116 73
116 98
116 97
116 114
116 124
116 22
116 39
116 74
51 23
51 139
51 67
51 89
51 22
51 132
51 8
51 20
51 114
51 140
51 14
51 101
51 76
51 124
51 109
51 68
51 97
51 7
51 18
51 94
51 91
51 34
51 11
51 112
51 88
51 37
51 99
51 72
51 29
51 102
51 98
51 121
51 59
51 74
51 35
51 73
51 93
51 53
51 2
51 36
51 65
51 83
51 131
51 66
51 107
51 110
51 45
51 127
51 5
51 15
51 136
23 76
23 10
23 8
23 75
23 28
23 39
23 45
23 89
23 22
23 15
23 38
23 131
23 21
23 132
23 25
23 2
23 102
23 71
23 36
23 17
23 69
23 93
23 91
23 24
23 120
23 53
23 121
23 14
23 73
23 78
23 127
23 7
23 124
23 18
23 74
23 95
23 67
23 134
23 114
23 99
23 123
23 62
23 136
23 97
23 30
23 100
23 107
23 101
76 131
76 112
76 28
76 139
76 24
76 35
76 75
76 65
76 8
76 114
76 22
76 83
76 100
76 25
76 110
76 4
76 140
76 93
76 72
76 53
76 127
76 17
76 2
76 21
76 15
76 121
76 94
76 89
76 97
76 96
76 124
76 88
76 59
76 99
76 11
76 37
76 39
76 77
76 7
76 69
76 134
76 123
76 109
76 129
76 136
76 14
76 61
76 30
76 91
76 138
76 102
76 45
76 10
76 20
76 36
76 107
76 115
76 34
76 62
76 132
76 95
131 140
131 67
131 101
131 83
131 115
131 28
131 124
131 38
131 94
131 71
131 77
131 4
131 120
131 21
131 127
131 25
131 95
131 15
131 109
131 73
131 69
131 29
131 17
131 112
131 129
131 61
131 36
131 123
131 14
131 134
131 72
131 74
131 68
131 39
131 33
131 99
131 48
131 11
131 114
131 66
131 2
131 102
131 132
131 20
131 88
131 59
131 121
131 75
131 107
131 139
131 37
131 24
131 96
131 8
131 138
131 103
131 22
140 5
140 68
140 22
140 88
140 110
140 124
140 129
140 10
140 17
140 89
140 48
140 109
140 37
140 101
140 136
140 30
140 112
140 120
140 96
140 62
140 14
140 28
140 38
140 39
140 93
140 103
140 91
140 139
140 107
140 65
140 114
140 18
140 73
140 53
140 123
140 100
140 24
140 61
140 95
140 36
140 121
140 69
140 66
140 127
140 35
140 4
140 34
140 71
140 94
5 24
5 91
5 96
5 110
5 134
5 22
5 73
5 114
5 100
5 38
5 48
5 83
5 45
5 139
5 62
5 75
5 107
5 53
5 10
5 37
5 127
5 136
5 17
5 68
5 103
5 129
5 65
5 20
5 67
5 66
5 29
5 120
5 36
5 121
5 59
5 61
5 2
5 7
5 39
5 69
5 28
5 11
5 79
5 21
5 14
5 71
5 132
5 35
5 138
5 124
5 74
5 112
5 72
5 30
5 33
5 115
5 18
5 95
5 94
5 101
24 17
24 102
24 66
24 110
24 4
24 74
24 65
24 120
24 136
24 59
24 53
24 123
24 18
24 99
24 10
24 98
24 73
24 35
24 22
24 107
24 68
24 100
24 95
24 2
24 7
24 112
24 33
24 77
24 138
24 97
24 75
24 28
24 34
24 93
24 124
24 139
24 38
24 115
24 39
24 45
24 129
24 71
24 94
24 20
24 67
24 36
24 29
24 15
24 91
24 89
24 88
24 83
24 25
24 121
24 21
17 121
17 75
17 68
17 35
17 37
17 39
17 28
17 124
17 48
17 97
17 15
17 62
17 139
17 88
17 66
17 69
17 34
17 136
17 109
17 123
17 102
17 29
17 77
17 138
17 98
17 65
17 129
17 78
17 10
17 99
17 11
17 73
17 120
17 100
17 94
17 61
17 33
17 89
17 67
17 4
17 83
17 71
17 7
17 21
17 127
17 95
17 59
121 67
121 96
121 75
121 66
121 100
121 33
121 93
121 35
121 114
121 132
121 10
121 59
121 15
121 36
121 73
121 129
121 29
121 97
121 83
121 74
121 138
121 103
121 72
121 127
121 102
121 78
121 107
121 61
121 99
121 39
121 79
121 101
121 22
121 109
121 34
121 20
121 123
121 69
121 53
121 28
121 95
121 7
121 136
121 37
121 98
121 91
67 15
67 110
67 21
67 7
67 25
67 103
67 123
67 8
67 109
67 37
67 62
67 59
67 134
67 91
67 112
67 61
67 129
67 107
67 34
67 10
67 136
67 69
67 127
67 89
67 124
67 30
67 97
67 114
67 102
67 29
67 94
67 75
67 28
67 120
67 100
67 83
67 132
67 48
67 99
67 35
67 20
67 74
67 96
67 38
67 77
67 65
67 39
67 68
67 138
67 2
67 88
67 115
67 72
67 11
15 21
15 14
15 79
15 100
15 95
15 2
15 123
15 88
15 53
15 94
15 134
15 48
15 37
15 97
15 10
15 39
15 129
15 20
15 36
15 110
15 98
15 89
15 93
15 109
15 72
15 8
15 101
15 62
15 59
15 114
15 127
15 96
15 124
15 78
15 102
15 83
15 103
15 120
15 68
15 29
15 73
15 115
15 4
15 45
15 33
15 25
15 75
15 74
15 71
15 38
21 77
21 78
21 25
21 99
21 73
21 91
21 123
21 29
21 127
21 112
21 138
21 2
21 62
21 101
21 20
21 18
21 107
21 134
21 75
21 115
21 14
21 89
21 96
21 114
21 22
21 37
21 4
21 139
21 83
21 110
21 7
21 132
21 65
21 11
21 136
21 102
21 53
21 10
21 129
21 72
21 45
21 33
21 103
21 28
21 120
21 109
21 30
21 71
21 8
21 48
21 59
21 93
77 48
77 72
77 34
77 69
77 25
77 129
77 14
77 99
77 103
77 39
77 102
77 45
77 100
77 93
77 89
77 138
77 139
77 71
77 10
77 123
77 59
77 2
77 22
77 91
77 95
77 79
77 8
77 114
77 97
77 66
77 61
77 94
77 101
77 124
77 120
77 74
77 62
77 115
77 30
77 98
77 88
77 65
77 29
77 35
77 4
77 36
48 66
48 20
48 72
48 100
48 35
48 4
48 124
48 8
48 28
48 139
48 83
48 65
48 7
48 102
48 120
48 107
48 61
48 62
48 136
48 129
48 93
48 132
48 114
48 30
48 98
48 123
48 134
48 68
48 109
48 37
48 73
48 74
48 69
48 45
48 112
48 96
48 71
48 11
48 94
48 101
48 75
48 78
48 138
48 110
48 25
66 96
66 29
66 2
66 68
66 83
66 8
66 71
66 115
66 45
66 110
66 69
66 10
66 37
66 36
66 138
66 120
66 75
66 94
66 88
66 11
66 59
66 35
66 89
66 93
66 25
66 124
66 73
66 62
66 39
66 30
66 4
66 28
66 132
66 127
66 34
66 107
66 22
66 95
66 100
66 98
66 139
66 72
66 136
96 35
96 134
96 110
96 83
96 53
96 112
96 136
96 97
96 62
96 95
96 33
96 114
96 138
96 129
96 107
96 74
96 101
96 91
96 71
96 109
96 11
96 29
96 123
96 68
96 132
96 20
96 94
96 25
96 59
96 139
96 7
96 103
96 30
96 79
96 69
96 14
96 88
96 37
96 2
96 89
96 120
96 78
96 8
96 98
35 71
35 94
35 139
35 102
35 132
35 38
35 8
35 68
35 62
35 4
35 37
35 74
35 88
35 29
35 79
35 65
35 115
35 69
35 73
35 33
35 39
35 98
35 107
35 101
35 120
35 114
35 10
35 138
35 124
35 18
35 61
35 75
35 30
35 59
35 91
35 25
35 103
35 14
35 97
35 134
35 11
35 100
35 89
35 109
35 83
35 72
35 20
35 22
35 136
35 93
35 34
71 103
71 11
71 59
71 99
71 25
71 95
71 83
71 100
71 112
71 132
71 114
71 94
71 22
71 97
71 8
71 73
71 123
71 69
71 136
71 37
71 120
71 139
71 127
71 79
71 14
71 88
71 18
71 107
71 53
71 4
71 75
71 101
71 72
71 38
71 74
71 93
71 36
71 134
71 39
71 78
71 68
71 138
71 65
103 62
103 33
103 79
103 89
103 136
103 100
103 93
103 22
103 74
103 69
103 78
103 95
103 45
103 10
103 94
103 127
103 11
103 7
103 73
103 65
103 101
103 4
103 29
103 139
103 36
103 124
103 114
103 88
103 75
103 30
103 98
103 8
103 37
103 28
103 112
103 138
103 53
103 72
103 132
103 18
103 97
103 39
103 120
103 61
103 38
103 34
103 107
62 129
62 107
62 139
62 36
62 29
62 98
62 73
62 22
62 102
62 39
62 79
62 95
62 83
62 110
62 74
62 2
62 61
62 34
62 100
62 115
62 28
62 99
62 53
62 20
62 136
62 38
62 75
62 65
62 89
62 93
62 7
62 109
62 123
62 132
62 45
62 138
62 18
62 68
62 114
62 88
62 30
62 112
62 14
62 120
62 37
62 59
62 91
129 20
129 36
129 138
129 33
129 91
129 94
129 45
129 107
129 124
129 29
129 8
129 127
129 34
129 73
129 139
129 78
129 79
129 68
129 72
129 65
129 114
129 75
129 28
129 30
129 38
129 136
129 93
129 134
129 89
129 2
129 102
129 22
129 61
129 99
129 120
129 101
129 69
129 112
129 123
129 100
129 37
129 132
129 74
129 59
129 10
129 4
129 11
129 109
20 107
20 134
20 93
20 36
20 25
20 74
20 53
20 136
20 22
20 101
20 2
20 123
20 132
20 115
20 75
20 120
20 14
20 18
20 95
20 10
20 59
20 110
20 34
20 7
20 98
20 33
20 65
20 91
20 102
20 94
20 30
20 88
20 83
20 124
20 45
20 37
20 114
20 8
20 89
20 97
20 138
107 94
107 69
107 18
107 120
107 138
107 59
107 34
107 37
107 30
107 83
107 127
107 134
107 97
107 73
107 74
107 93
107 114
107 14
107 25
107 100
107 68
107 110
107 124
107 115
107 10
107 2
107 45
107 98
107 38
107 28
107 4
107 22
107 36
107 78
107 8
107 72
107 11
107 139
107 65
107 7
107 112
107 89
107 33
107 79
107 102
107 136
107 101
107 123
107 75
107 91
94 75
94 99
94 69
94 138
94 8
94 22
94 33
94 10
94 29
94 14
94 101
94 53
94 114
94 61
94 73
94 110
94 59
94 89
94 78
94 36
94 83
94 127
94 120
94 74
94 97
94 2
94 93
94 37
94 112
94 98
94 28
94 11
94 25
94 134
94 91
94 115
94 34
94 65
94 72
94 132
94 100
94 39
75 11
75 102
75 72
75 127
75 99
75 100
75 2
75 30
75 14
75 88
75 98
75 115
75 78
75 101
75 22
75 124
75 45
75 29
75 74
75 114
75 36
75 7
75 95
75 73
75 39
75 68
75 109
75 10
75 136
75 38
75 89
75 110
75 28
75 97
75 53
75 120
75 91
75 132
75 4
11 100
11 68
11 10
11 53
11 38
11 134
11 97
11 59
11 101
11 79
11 73
11 110
11 93
11 2
11 132
11 61
11 109
11 30
11 65
11 69
11 14
11 112
11 98
11 139
11 138
11 99
11 18
11 120
11 95
11 37
11 136
11 114
11 72
11 74
11 89
11 78
11 7
11 39
11 123
11 4
11 91
100 59
100 115
100 2
100 38
100 7
100 25
100 53
100 10
100 120
100 65
100 33
100 98
100 73
100 134
100 14
100 74
100 30
100 29
100 34
100 99
100 8
100 95
100 132
100 22
100 139
100 36
100 61
100 93
100 114
100 123
100 110
100 109
100 97
100 136
100 138
100 101
100 127
100 112
100 91
59 73
59 93
59 83
59 78
59 8
59 14
59 127
59 136
59 99
59 30
59 38
59 18
59 45
59 123
59 114
59 139
59 115
59 79
59 53
59 109
59 120
59 10
59 95
59 138
59 33
59 22
59 97
59 36
59 29
59 124
59 28
59 37
59 102
59 74
59 101
59 4
59 98
59 25
59 34
59 110
59 72
59 132
59 112
59 7
73 25
73 2
73 8
73 132
73 101
73 33
73 14
73 109
73 79
73 89
73 72
73 123
73 37
73 78
73 98
73 112
73 36
73 65
73 136
73 34
73 61
73 114
73 88
73 18
73 110
73 127
73 115
73 120
73 69
73 91
73 93
73 29
73 4
73 95
73 30
73 53
73 68
25 69
25 109
25 132
25 88
25 110
25 68
25 101
25 39
25 74
25 98
25 134
25 29
25 139
25 89
25 37
25 10
25 136
25 114
25 115
25 38
25 8
25 18
25 36
25 45
25 127
25 7
25 28
25 30
25 61
25 53
25 93
25 22
25 2
25 78
25 102
25 138
25 112
25 72
25 124
25 34
69 123
69 83
69 138
69 38
69 36
69 33
69 45
69 98
69 124
69 29
69 30
69 53
69 7
69 95
69 139
69 39
69 65
69 4
69 8
69 91
69 110
69 101
69 93
69 37
69 2
69 112
69 72
69 10
69 109
69 28
69 14
69 22
69 127
69 132
69 136
123 18
123 101
123 8
123 33
123 37
123 88
123 97
123 127
123 72
123 7
123 78
123 45
123 120
123 65
123 36
123 134
123 89
123 83
123 124
123 91
123 30
123 93
123 10
123 53
123 74
123 109
123 28
123 98
123 29
123 34
123 4
123 115
123 102
123 79
123 22
123 110
123 138
123 14
18 65
18 33
18 83
18 98
18 22
18 127
18 4
18 93
18 138
18 45
18 136
18 68
18 2
18 95
18 53
18 14
18 38
18 7
18 102
18 112
18 109
18 36
18 30
18 88
18 72
18 74
18 34
18 134
18 39
65 101
65 45
65 29
65 124
65 34
65 89
65 138
65 78
65 127
65 72
65 14
65 114
65 74
65 10
65 109
65 136
65 99
65 112
65 36
65 4
65 30
65 115
65 88
65 83
65 132
65 7
65 134
65 95
65 39
65 97
65 98
65 37
65 22
65 102
65 93
65 61
65 2
65 91
101 29
101 115
101 68
101 109
101 28
101 53
101 98
101 114
101 7
101 127
101 34
101 134
101 112
101 2
101 4
101 74
101 61
101 91
101 124
101 102
101 38
101 45
101 37
101 8
101 132
101 89
101 97
29 109
29 30
29 83
29 36
29 79
29 138
29 88
29 45
29 14
29 114
29 124
29 95
29 38
29 97
29 132
29 127
29 115
29 7
29 134
29 34
29 39
29 98
29 4
29 28
29 61
29 10
29 120
29 53
29 102
29 89
29 37
29 112
29 72
29 74
29 8
109 89
109 8
109 28
109 33
109 45
109 10
109 34
109 97
109 114
109 93
109 72
109 78
109 112
109 83
109 36
109 2
109 68
109 7
109 38
109 124
109 127
109 74
109 115
109 39
109 14
109 99
109 102
109 37
109 61
109 139
109 53
109 110
109 95
109 98
89 30
89 2
89 102
89 115
89 4
89 8
89 98
89 132
89 53
89 33
89 114
89 93
89 97
89 37
89 72
89 28
89 38
89 22
89 45
89 10
89 83
89 112
89 134
89 79
30 138
30 83
30 102
30 134
30 78
30 112
30 93
30 110
30 36
30 39
30 136
30 91
30 115
30 14
30 61
30 37
30 22
30 38
30 53
30 132
30 34
30 120
30 139
30 8
30 114
30 99
30 28
30 124
30 127
30 95
138 102
138 132
138 34
138 124
138 88
138 39
138 28
138 98
138 115
138 37
138 95
138 22
138 83
138 139
138 97
138 7
138 134
138 53
138 110
138 8
138 136
138 91
138 36
138 4
138 79
138 74
138 2
102 4
102 91
102 115
102 39
102 14
102 74
102 132
102 120
102 139
102 95
102 8
102 136
102 68
102 83
102 22
102 28
102 7
102 134
102 127
102 97
102 93
102 79
4 28
4 38
4 139
4 14
4 115
4 97
4 95
4 88
4 2
4 61
4 79
4 127
4 33
4 93
4 8
4 22
4 136
4 110
4 74
4 91
4 124
4 68
4 112
4 83
4 10
4 99
4 37
28 79
28 136
28 72
28 2
28 95
28 127
28 93
28 120
28 83
28 115
28 10
28 7
28 114
28 61
28 39
28 8
28 97
28 38
28 88
28 78
28 53
28 99
28 124
28 14
28 68
79 132
79 127
79 112
79 45
79 61
79 10
79 74
79 53
79 93
79 134
79 114
79 2
79 34
79 8
79 33
79 95
79 83
79 37
79 110
79 36
79 88
79 38
79 68
79 120
79 139
79 14
79 22
79 39
132 38
132 7
132 22
132 45
132 97
132 83
132 61
132 39
132 134
132 33
132 115
132 78
132 99
132 110
132 37
132 72
132 112
132 88
132 114
132 68
132 127
132 14
132 124
132 53
132 136
132 93
132 34
132 2
132 10
132 91
132 8
38 68
38 22
38 53
38 8
38 61
38 136
38 83
38 7
38 72
38 14
38 95
38 45
38 115
38 93
38 91
38 127
38 120
38 36
38 10
38 134
38 124
38 110
38 39
38 99
68 99
68 39
68 45
68 115
68 98
68 110
68 37
68 78
68 14
68 139
68 120
68 97
68 33
68 93
68 91
68 95
68 134
68 7
68 114
68 83
68 10
68 112
68 53
99 8
99 37
99 39
99 97
99 72
99 124
99 114
99 34
99 110
99 83
99 33
99 53
99 115
99 10
99 136
99 36
8 110
8 34
8 114
8 88
8 93
8 22
8 37
8 127
8 115
8 98
8 124
8 14
8 53
8 95
8 91
8 136
8 134
8 36
8 120
8 74
8 112
110 120
110 74
110 97
110 10
110 39
110 91
110 95
110 14
110 83
110 7
110 36
110 115
110 93
110 61
110 45
110 136
110 34
110 139
110 2
120 78
120 95
120 134
120 88
120 72
120 93
120 45
120 10
120 136
120 114
120 2
120 39
120 33
120 83
120 37
120 22
120 36
120 97
120 139
120 91
120 112
120 14
120 7
120 61
120 115
120 127
78 37
78 2
78 115
78 61
78 112
78 22
78 33
78 98
78 124
78 93
78 95
78 45
78 14
78 7
78 114
78 36
78 53
78 97
78 88
78 74
78 83
37 39
37 139
37 33
37 97
37 88
37 91
37 53
37 124
37 115
37 93
37 114
37 72
37 83
37 112
37 2
37 10
37 95
37 98
37 14
37 36
37 61
37 7
37 136
37 74
37 127
39 88
39 36
39 127
39 112
39 134
39 91
39 98
39 115
39 83
39 124
39 33
39 93
39 34
39 139
39 97
39 2
39 14
39 45
39 10
39 7
39 74
39 114
39 72
39 61
88 97
88 115
88 134
88 45
88 95
88 74
88 36
88 34
88 91
88 93
88 98
88 33
88 22
88 83
88 53
88 124
88 7
88 72
88 61
88 127
97 98
97 114
97 72
97 53
97 91
97 93
97 10
97 127
97 7
97 136
97 22
97 74
97 33
97 36
97 2
97 45
97 124
97 83
97 61
97 14
98 95
98 72
98 33
98 93
98 134
98 22
98 14
98 136
98 139
98 114
98 2
98 53
98 91
98 34
98 7
98 127
98 36
98 74
98 83
98 10
95 45
95 114
95 33
95 7
95 10
95 22
95 112
95 2
95 124
95 91
95 93
95 72
95 139
95 134
95 136
95 36
95 127
95 34
45 139
45 124
45 72
45 115
45 136
45 10
45 14
45 112
45 33
45 91
45 74
45 93
45 2
45 83
45 34
139 93
139 22
139 136
139 7
139 72
139 74
139 91
139 10
139 114
139 33
139 61
139 134
139 83
93 136
93 112
93 7
93 74
93 53
93 10
93 124
93 134
93 83
93 14
93 115
93 33
93 72
93 34
93 22
136 91
136 124
136 72
136 33
136 22
136 14
136 2
136 134
136 10
136 36
136 112
136 127
136 114
91 14
91 2
91 10
91 112
91 134
91 36
91 127
91 72
91 22
91 124
91 83
91 115
91 34
91 61
91 53
91 33
14 36
14 114
14 127
14 61
14 112
14 22
14 7
14 34
14 124
14 134
14 74
36 115
36 53
36 22
36 10
36 61
36 112
36 134
36 74
36 124
36 72
36 127
36 34
115 83
115 53
115 72
115 2
115 114
115 61
115 127
115 33
115 112
115 134
115 10
83 124
83 2
83 34
83 10
83 72
83 127
83 33
83 112
83 7
83 134
83 74
124 53
124 33
124 72
124 61
124 34
124 2
124 112
124 22
124 134
124 127
124 74
124 7
53 7
53 72
53 34
53 74
53 112
53 127
53 2
7 74
7 34
7 134
7 22
7 112
7 10
7 33
7 61
7 2
7 72
7 114
74 22
74 72
74 33
74 2
74 112
74 114
74 61
74 34
74 127
22 34
22 114
22 112
22 72
22 10
22 2
22 127
22 61
22 33
34 112
34 114
34 61
34 33
34 134
34 2
34 72
34 10
34 127
112 72
112 61
112 114
112 10
112 134
112 2
72 134
72 114
72 2
72 10
72 33
72 61
72 127
134 2
134 10
134 114
2 10
2 61
2 127
2 33
10 127
10 114
10 61
10 33
127 114
127 61
127 33
114 61
114 33
61 33
