70 110
70 81
70 52
70 37
70 73
70 48
70 24
70 77
70 125
70 42
70 101
70 44
70 17
70 89
70 31
70 51
70 7
70 12
70 66
70 93
70 56
70 78
70 10
70 120
70 29
70 80
70 92
70 114
70 33
70 115
70 63
70 118
70 95
70 113
70 45
70 47
70 117
70 36
70 129
70 26
70 41
70 50
70 72
70 43
70 64
70 130
70 91
70 35
70 122
70 38
70 60
70 107
70 105
70 8
70 99
70 79
70 83
70 46
70 9
70 4
70 15
70 85
70 62
70 102
70 87
70 74
70 32
70 28
70 18
70 121
70 39
70 30
70 34
70 76
70 6
70 108
70 126
70 67
70 94
70 55
70 88
70 123
70 2
70 104
70 3
70 82
81 38
81 104
81 29
81 75
81 53
81 80
81 28
81 48
81 59
81 17
81 98
81 39
81 97
81 50
81 27
81 114
81 49
81 22
81 82
81 20
81 122
81 85
81 68
81 58
81 93
81 100
81 25
81 14
81 126
81 90
81 19
81 3
81 101
81 12
81 86
81 23
81 119
81 111
81 109
81 65
81 54
81 77
81 66
81 2
81 127
81 55
81 115
81 87
81 47
81 56
81 35
81 30
81 60
81 57
81 11
81 67
81 15
81 123
81 107
81 78
81 21
81 52
81 89
81 32
81 34
81 113
81 116
81 6
81 125
81 69
81 112
81 45
81 88
81 129
81 118
81 95
81 106
81 26
81 46
81 130
81 41
81 83
81 13
81 74
81 103
81 121
81 128
81 72
81 94
81 71
81 73
81 43
81 5
81 105
81 117
81 31
81 51
81 10
81 40
81 92
81 99
81 76
81 64
81 96
81 37
81 9
81 91
81 84
81 44
81 1
81 108
81 79
81 62
38 57
38 46
38 52
38 66
38 118
38 62
38 128
38 102
38 55
38 125
38 82
38 105
38 22
38 35
38 74
38 93
38 96
38 113
38 47
38 89
38 92
38 114
38 75
38 40
38 28
38 103
38 97
38 30
38 25
38 91
38 23
38 48
38 34
38 101
38 12
38 126
38 122
38 27
38 53
38 44
38 77
38 69
38 16
38 76
38 90
38 107
38 7
38 88
38 26
38 71
38 115
38 9
38 85
38 110
38 65
38 67
38 1
38 21
38 32
38 29
38 124
38 72
38 19
38 18
38 54
38 111
38 50
38 63
38 84
38 80
38 130
38 120
38 94
38 15
38 24
38 60
38 17
38 116
38 86
38 79
38 104
38 106
38 37
38 8
38 4
38 59
57 101
57 3
57 126
57 95
57 10
57 68
57 19
57 116
57 90
57 128
57 108
57 96
57 23
57 124
57 55
57 118
57 110
57 24
57 67
57 42
57 62
57 31
57 89
57 98
57 26
57 8
57 114
57 41
57 73
57 47
57 7
57 127
57 87
57 78
57 93
57 14
57 125
57 64
57 129
57 32
57 123
57 60
57 84
57 76
57 48
57 51
57 79
57 82
57 102
57 13
57 94
57 27
57 59
57 88
57 83
57 54
57 74
57 36
57 117
57 107
57 56
57 100
57 120
57 28
57 122
57 43
57 11
57 71
57 66
57 77
57 50
57 16
57 86
57 29
57 49
57 104
57 109
57 63
57 44
57 97
57 65
57 58
57 61
57 80
57 115
57 6
57 106
57 39
57 112
57 22
57 20
57 52
21 56
21 14
21 85
21 47
21 28
21 3
21 55
21 32
21 120
21 128
21 9
21 109
21 119
21 61
21 130
21 72
21 125
21 82
21 41
21 60
21 88
21 113
21 34
21 106
21 43
21 1
21 123
21 11
21 64
21 76
21 16
21 40
21 26
21 49
21 35
21 19
21 45
21 103
21 73
21 37
21 68
21 27
21 39
21 48
21 71
21 108
21 74
21 95
21 107
21 51
21 24
21 52
21 118
21 31
21 54
21 127
21 100
21 7
21 15
21 36
21 79
21 94
21 62
21 50
21 20
21 93
21 4
21 124
21 5
21 112
21 42
21 86
21 10
21 66
21 63
21 97
21 25
21 58
21 78
21 99
21 114
21 8
21 91
21 96
21 67
21 2
21 122
21 29
21 65
21 104
21 89
21 116
56 94
56 80
56 75
56 91
56 100
56 106
56 114
56 11
56 42
56 16
56 8
56 22
56 84
56 29
56 20
56 118
56 93
56 115
56 88
56 13
56 122
56 123
56 103
56 107
56 126
56 98
56 2
56 34
56 79
56 23
56 82
56 119
56 44
56 85
56 3
56 26
56 104
56 41
56 39
56 27
56 1
56 105
56 45
56 113
56 60
56 7
56 5
56 74
56 47
56 54
56 12
56 40
56 35
56 71
56 9
56 46
56 51
56 96
56 125
56 10
56 65
56 66
56 130
56 59
56 31
56 89
56 109
56 6
56 117
56 28
56 77
56 30
56 37
56 68
56 52
56 120
56 24
56 63
56 50
56 83
56 72
56 48
56 128
56 95
56 55
56 127
56 19
56 78
94 71
94 83
94 112
94 87
94 72
94 102
94 27
94 103
94 41
94 99
94 118
94 124
94 1
94 11
94 130
94 9
94 88
94 66
94 80
94 61
94 29
94 32
94 121
94 85
94 39
94 77
94 93
94 31
94 62
94 90
94 37
94 116
94 100
94 75
94 40
94 117
94 86
94 97
94 14
94 42
94 28
94 17
94 73
94 33
94 82
94 48
94 54
94 35
94 13
94 76
94 7
94 119
94 30
94 36
94 19
94 22
94 113
94 44
94 109
94 95
94 2
94 10
94 105
94 15
94 98
94 91
94 47
94 115
94 68
94 20
94 114
94 89
94 16
94 23
94 60
94 63
94 120
94 122
94 101
94 74
94 5
94 64
71 73
71 37
71 50
71 23
71 25
71 104
71 82
71 121
71 20
71 113
71 79
71 106
71 83
71 3
71 6
71 16
71 53
71 118
71 85
71 117
71 88
71 125
71 40
71 123
71 45
71 91
71 78
71 41
71 28
71 93
71 64
71 128
71 55
71 105
71 80
71 66
71 84
71 110
71 13
71 90
71 62
71 130
71 39
71 35
71 5
71 112
71 102
71 74
71 34
71 77
71 22
71 1
71 27
71 51
71 120
71 99
71 32
71 111
71 92
71 24
71 60
71 114
71 127
71 87
71 101
71 12
71 47
71 75
71 14
71 129
71 15
71 126
71 108
71 7
71 72
71 69
71 4
71 122
71 29
71 68
71 116
71 65
71 89
71 18
71 103
71 49
71 43
71 109
71 59
71 8
71 119
71 2
73 97
73 1
73 75
73 108
73 60
73 123
73 107
73 112
73 15
73 45
73 17
73 79
73 19
73 16
73 6
73 76
73 35
73 8
73 119
73 51
73 63
73 13
73 58
73 122
73 42
73 106
73 87
73 98
73 22
73 69
73 49
73 37
73 14
73 25
73 12
73 34
73 64
73 39
73 90
73 9
73 52
73 93
73 20
73 120
73 99
73 23
73 44
73 91
73 127
73 115
73 102
73 32
73 86
73 72
73 130
73 47
73 62
73 40
73 83
73 78
73 59
73 5
73 68
73 129
73 128
73 46
73 65
73 109
73 89
73 30
73 111
73 77
73 96
73 28
73 92
73 125
73 29
73 66
73 113
73 80
97 63
97 92
97 96
97 5
97 74
97 85
97 98
97 77
97 30
97 107
97 126
97 41
97 14
97 84
97 104
97 10
97 64
97 42
97 7
97 19
97 29
97 4
97 105
97 115
97 40
97 28
97 17
97 122
97 32
97 129
97 16
97 78
97 67
97 36
97 18
97 25
97 106
97 93
97 72
97 44
97 52
97 12
97 39
97 34
97 86
97 13
97 112
97 125
97 118
97 62
97 26
97 2
97 60
97 23
97 61
97 127
97 87
97 95
97 27
97 111
97 116
97 76
97 79
97 49
97 89
97 59
97 45
97 103
97 22
97 75
97 100
97 9
97 102
97 117
63 54
63 12
63 112
63 16
63 37
63 122
63 104
63 35
63 27
63 77
63 52
63 95
63 111
63 72
63 4
63 65
63 78
63 24
63 106
63 17
63 83
63 13
63 2
63 22
63 30
63 66
63 15
63 91
63 50
63 43
63 115
63 87
63 20
63 120
63 46
63 29
63 59
63 68
63 47
63 89
63 36
63 32
63 84
63 8
63 85
63 42
63 86
63 48
63 92
63 126
63 33
63 26
63 130
63 105
63 125
63 74
63 61
63 124
63 108
63 58
63 75
63 123
63 40
63 88
63 117
63 64
63 79
63 44
63 3
63 10
63 127
63 49
63 62
63 116
63 90
63 107
54 82
54 23
54 91
54 93
54 29
54 65
54 130
54 99
54 22
54 15
54 59
54 75
54 80
54 12
54 45
54 33
54 107
54 125
54 46
54 111
54 96
54 16
54 105
54 84
54 4
54 124
54 13
54 25
54 35
54 98
54 89
54 85
54 68
54 52
54 55
54 126
54 88
54 48
54 83
54 106
54 5
54 32
54 120
54 49
54 74
54 118
54 14
54 26
54 28
54 86
54 122
54 43
54 77
54 42
54 79
54 117
54 58
54 61
54 2
54 100
54 127
54 60
54 109
54 62
54 27
54 17
54 101
54 53
54 121
54 119
54 67
54 66
54 47
54 20
54 40
54 72
54 112
54 123
54 116
54 44
54 110
82 33
82 114
82 64
82 104
82 36
82 120
82 86
82 124
82 32
82 3
82 128
82 102
82 55
82 6
82 78
82 44
82 45
82 2
82 24
82 50
82 18
82 27
82 125
82 53
82 129
82 74
82 80
82 13
82 17
82 16
82 130
82 90
82 7
82 31
82 52
82 83
82 122
82 69
82 8
82 111
82 20
82 58
82 42
82 101
82 93
82 40
82 85
82 108
82 115
82 119
82 118
82 61
82 67
82 84
82 112
82 28
82 34
82 51
82 123
82 89
82 116
82 77
82 37
82 66
82 15
82 49
82 25
82 14
82 59
82 87
82 11
82 19
82 46
82 72
82 43
82 35
82 48
82 26
82 95
82 98
82 65
82 4
82 110
33 42
33 45
33 22
33 104
33 47
33 114
33 15
33 3
33 130
33 18
33 88
33 10
33 92
33 118
33 95
33 128
33 11
33 40
33 37
33 6
33 43
33 91
33 12
33 9
33 83
33 98
33 122
33 52
33 24
33 101
33 107
33 67
33 87
33 59
33 80
33 90
33 72
33 115
33 13
33 85
33 64
33 5
33 25
33 2
33 120
33 26
33 14
33 75
33 8
33 50
33 39
33 65
33 62
33 124
33 123
33 34
33 27
33 76
33 125
33 111
33 68
33 49
33 16
33 93
33 96
33 61
33 89
33 17
33 53
33 113
33 116
33 19
33 102
33 44
33 46
33 127
33 100
33 84
33 32
33 60
33 29
33 66
33 35
33 112
33 103
33 4
33 106
33 121
33 48
42 122
42 62
42 129
42 29
42 67
42 115
42 35
42 15
42 90
42 16
42 5
42 118
42 41
42 40
42 124
42 43
42 22
42 69
42 106
42 75
42 61
42 36
42 68
42 64
42 25
42 14
42 3
42 24
42 80
42 6
42 1
42 116
42 98
42 46
42 17
42 102
42 114
42 77
42 109
42 30
42 93
42 125
42 91
42 23
42 18
42 104
42 128
42 52
42 44
42 48
42 31
42 87
42 65
42 126
42 86
42 47
42 103
42 9
42 92
42 32
42 123
42 100
42 130
42 28
42 12
42 2
42 74
42 111
42 39
42 76
42 8
42 99
42 10
42 13
42 83
42 105
42 58
42 49
42 121
42 84
42 55
122 60
122 28
122 48
122 76
122 25
122 90
122 22
122 68
122 74
122 102
122 61
122 26
122 88
122 123
122 67
122 20
122 55
122 119
122 65
122 17
122 110
122 10
122 6
122 91
122 106
122 40
122 124
122 93
122 41
122 126
122 16
122 44
122 30
122 125
122 101
122 117
122 64
122 8
122 5
122 77
122 100
122 58
122 11
122 66
122 98
122 83
122 80
122 111
122 31
122 24
122 103
122 86
122 107
122 78
122 115
122 69
122 105
122 79
122 108
122 75
122 99
122 129
122 120
122 9
122 89
122 27
122 32
122 85
122 51
122 39
122 113
122 116
122 130
122 52
122 47
122 3
122 7
122 95
122 59
122 15
122 112
122 35
122 62
122 96
122 2
122 23
122 109
60 7
60 113
60 29
60 76
60 24
60 27
60 74
60 114
60 110
60 52
60 128
60 26
60 89
60 36
60 80
60 69
60 106
60 55
60 85
60 126
60 6
60 20
60 77
60 119
60 67
60 43
60 96
60 107
60 100
60 8
60 51
60 98
60 120
60 104
60 109
60 108
60 11
60 93
60 62
60 105
60 111
60 123
60 64
60 124
60 31
60 118
60 1
60 30
60 34
60 79
60 87
60 5
60 2
60 65
60 99
60 35
60 13
60 17
60 15
60 72
60 102
60 101
60 23
60 92
60 48
60 90
60 84
60 50
60 53
60 117
60 40
60 112
60 130
60 41
60 88
60 58
60 95
60 49
60 22
60 12
60 68
7 13
7 74
7 126
7 20
7 87
7 92
7 50
7 9
7 55
7 115
7 22
7 96
7 109
7 103
7 117
7 102
7 90
7 11
7 59
7 77
7 15
7 106
7 24
7 17
7 89
7 2
7 112
7 40
7 36
7 120
7 43
7 30
7 65
7 108
7 127
7 113
7 84
7 69
7 107
7 123
7 76
7 45
7 118
7 78
7 4
7 88
7 114
7 98
7 75
7 31
7 129
7 130
7 28
7 121
7 23
7 46
7 91
7 61
7 16
7 8
7 124
7 44
7 67
7 128
7 86
7 104
7 85
7 29
7 18
7 35
7 48
7 105
7 101
7 47
7 25
7 27
7 68
7 93
7 52
7 5
7 110
7 41
7 14
7 6
7 100
13 30
13 32
13 43
13 83
13 117
13 74
13 62
13 98
13 20
13 116
13 88
13 3
13 39
13 77
13 40
13 126
13 76
13 58
13 48
13 1
13 72
13 91
13 41
13 68
13 49
13 31
13 50
13 101
13 34
13 64
13 67
13 61
13 123
13 99
13 111
13 120
13 109
13 23
13 125
13 107
13 85
13 102
13 51
13 112
13 65
13 115
13 86
13 89
13 52
13 45
13 105
13 84
13 12
13 121
13 22
13 127
13 55
13 27
13 9
13 46
13 10
13 19
13 66
13 36
13 5
13 4
13 118
13 6
13 59
13 103
13 17
13 28
13 47
13 2
13 92
13 69
30 45
30 62
30 84
30 32
30 69
30 95
30 61
30 2
30 78
30 55
30 112
30 75
30 12
30 80
30 127
30 79
30 15
30 53
30 18
30 34
30 109
30 120
30 93
30 16
30 49
30 92
30 90
30 86
30 83
30 9
30 91
30 128
30 23
30 72
30 6
30 31
30 77
30 37
30 110
30 20
30 40
30 125
30 117
30 99
30 74
30 28
30 4
30 25
30 26
30 19
30 76
30 41
30 114
30 130
30 24
30 44
30 89
30 115
30 98
30 85
30 10
30 96
30 100
30 17
30 35
30 46
30 14
30 5
30 123
30 67
30 118
30 121
30 107
30 116
30 66
30 43
30 59
30 87
30 113
30 11
30 102
30 101
30 129
30 111
30 106
30 3
30 22
45 43
45 6
45 40
45 37
45 20
45 10
45 50
45 75
45 18
45 79
45 102
45 23
45 98
45 2
45 5
45 46
45 16
45 11
45 127
45 118
45 120
45 96
45 89
45 129
45 90
45 39
45 48
45 26
45 77
45 31
45 51
45 121
45 78
45 117
45 103
45 99
45 124
45 108
45 41
45 9
45 125
45 27
45 104
45 12
45 114
45 111
45 76
45 100
45 83
45 65
45 84
45 62
45 24
45 92
45 126
45 109
45 115
45 66
45 4
45 58
45 107
45 8
45 68
45 28
45 110
45 88
45 55
45 14
45 85
45 59
45 3
45 69
45 44
45 123
45 64
45 47
45 25
45 29
45 35
45 53
45 72
43 15
43 83
43 80
43 126
43 49
43 102
43 32
43 20
43 25
43 123
43 78
43 103
43 100
43 18
43 106
43 86
43 19
43 36
43 115
43 79
43 91
43 12
43 130
43 40
43 23
43 75
43 22
43 98
43 128
43 27
43 118
43 105
43 59
43 16
43 104
43 58
43 67
43 68
43 90
43 34
43 37
43 26
43 14
43 55
43 114
43 121
43 24
43 35
43 2
43 74
43 87
43 127
43 11
43 61
43 4
43 77
43 62
43 8
43 125
43 72
43 95
43 52
43 112
43 39
43 124
43 28
43 69
43 51
43 88
43 96
43 101
43 29
43 109
15 124
15 77
15 27
15 90
15 28
15 6
15 9
15 14
15 37
15 34
15 119
15 74
15 102
15 62
15 84
15 127
15 107
15 130
15 32
15 67
15 92
15 110
15 105
15 26
15 99
15 128
15 91
15 35
15 87
15 25
15 39
15 98
15 50
15 109
15 95
15 79
15 93
15 52
15 114
15 59
15 120
15 16
15 76
15 83
15 108
15 118
15 116
15 47
15 65
15 112
15 53
15 88
15 4
15 23
15 2
15 61
15 104
15 24
15 29
15 46
15 111
15 40
15 117
15 48
15 20
15 22
15 12
15 68
15 75
15 72
15 44
15 115
15 101
15 89
15 96
124 75
124 89
124 28
124 20
124 76
124 126
124 104
124 103
124 17
124 98
124 95
124 110
124 39
124 35
124 121
124 36
124 86
124 31
124 123
124 14
124 84
124 9
124 37
124 49
124 105
124 125
124 88
124 83
124 65
124 100
124 99
124 55
124 5
124 8
124 40
124 128
124 47
124 22
124 80
124 127
124 93
124 101
124 107
124 72
124 91
124 3
124 11
124 111
124 109
124 79
124 61
124 117
124 64
124 18
124 4
124 46
124 58
124 129
124 96
124 90
124 52
124 68
124 106
124 51
124 77
124 113
124 34
75 5
75 36
75 69
75 85
75 125
75 113
75 93
75 14
75 102
75 65
75 83
75 77
75 126
75 119
75 121
75 89
75 41
75 40
75 86
75 20
75 72
75 49
75 10
75 129
75 101
75 116
75 106
75 88
75 48
75 44
75 46
75 47
75 95
75 78
75 11
75 27
75 104
75 31
75 115
75 22
75 109
75 61
75 3
75 117
75 1
75 100
75 107
75 23
75 64
75 17
75 4
75 84
75 91
75 51
75 128
75 120
75 34
75 98
75 35
75 50
75 96
75 58
75 92
75 39
75 74
75 76
75 105
75 16
75 28
75 8
75 26
75 6
75 18
75 112
5 105
5 108
5 127
5 48
5 89
5 12
5 44
5 34
5 27
5 17
5 52
5 104
5 51
5 107
5 103
5 4
5 39
5 78
5 67
5 109
5 69
5 123
5 79
5 117
5 16
5 37
5 50
5 84
5 113
5 31
5 92
5 85
5 129
5 22
5 68
5 116
5 6
5 80
5 35
5 77
5 130
5 126
5 112
5 14
5 64
5 110
5 101
5 55
5 119
5 1
5 47
5 40
5 10
5 93
5 87
5 95
5 83
5 36
5 106
5 111
5 24
5 19
5 114
5 62
5 102
5 9
5 41
5 72
5 91
5 25
5 65
5 61
105 102
105 108
105 17
105 55
105 121
105 29
105 1
105 48
105 27
105 28
105 95
105 89
105 40
105 46
105 69
105 115
105 52
105 4
105 61
105 86
105 117
105 88
105 16
105 19
105 36
105 41
105 25
105 104
105 128
105 32
105 123
105 127
105 49
105 67
105 111
105 37
105 64
105 59
105 10
105 129
105 35
105 24
105 66
105 77
105 99
105 76
105 8
105 87
105 53
105 11
105 2
105 126
105 116
105 22
105 18
105 107
105 44
105 90
105 6
105 93
105 118
105 50
105 103
105 98
105 23
105 20
105 34
105 92
105 109
102 109
102 11
102 22
102 111
102 3
102 84
102 6
102 16
102 66
102 116
102 10
102 41
102 23
102 47
102 119
102 17
102 103
102 2
102 88
102 78
102 1
102 104
102 127
102 61
102 36
102 72
102 123
102 93
102 108
102 37
102 65
102 18
102 27
102 129
102 106
102 76
102 112
102 52
102 14
102 40
102 48
102 80
102 92
102 99
102 101
102 53
102 128
102 55
102 34
102 28
102 69
102 74
102 120
102 49
102 25
102 98
102 114
102 117
102 39
102 110
102 68
109 115
109 86
109 95
109 96
109 66
109 14
109 80
109 107
109 113
109 129
109 117
109 110
109 31
109 49
109 79
109 32
109 98
109 89
109 46
109 17
109 26
109 9
109 61
109 118
109 59
109 78
109 20
109 83
109 91
109 10
109 58
109 47
109 24
109 72
109 93
109 1
109 121
109 125
109 48
109 84
109 85
109 40
109 114
109 68
109 27
109 52
109 55
109 92
109 74
109 44
109 119
109 28
109 106
109 23
109 16
109 87
109 99
109 50
109 41
109 3
109 8
109 101
109 29
109 34
109 36
109 116
109 25
109 108
109 104
109 123
109 11
109 100
115 32
115 108
115 19
115 72
115 103
115 64
115 129
115 46
115 8
115 123
115 93
115 106
115 28
115 111
115 121
115 37
115 96
115 65
115 95
115 112
115 53
115 16
115 120
115 22
115 128
115 127
115 99
115 29
115 50
115 34
115 40
115 23
115 86
115 67
115 66
115 14
115 27
115 79
115 87
115 88
115 100
115 3
115 78
115 119
115 9
115 85
115 110
115 61
115 47
115 51
115 84
115 130
115 18
115 113
115 12
115 118
115 98
115 49
115 4
115 2
115 24
115 104
115 44
115 48
115 107
115 89
115 83
115 62
115 117
115 76
115 1
115 31
115 77
115 90
115 55
115 126
32 26
32 93
32 4
32 104
32 79
32 19
32 11
32 111
32 83
32 44
32 127
32 116
32 64
32 78
32 22
32 98
32 101
32 28
32 1
32 84
32 16
32 113
32 31
32 18
32 66
32 128
32 9
32 126
32 50
32 20
32 2
32 52
32 100
32 65
32 68
32 90
32 106
32 85
32 112
32 41
32 51
32 99
32 40
32 118
32 17
32 76
32 121
32 61
32 27
32 29
32 80
32 36
32 92
32 72
32 107
32 14
32 23
32 91
32 130
32 125
32 53
32 12
32 25
32 96
32 59
32 74
32 95
32 37
32 34
32 35
26 117
26 61
26 129
26 72
26 90
26 112
26 22
26 74
26 66
26 3
26 58
26 84
26 23
26 119
26 111
26 31
26 76
26 79
26 9
26 14
26 96
26 67
26 110
26 123
26 86
26 35
26 104
26 83
26 51
26 28
26 88
26 10
26 125
26 46
26 55
26 65
26 121
26 108
26 11
26 1
26 27
26 16
26 40
26 2
26 98
26 101
26 48
26 12
26 6
26 4
26 62
26 106
26 85
26 77
26 107
26 78
26 19
26 52
26 17
26 64
26 29
26 36
26 68
26 120
26 95
26 34
117 8
117 83
117 110
117 113
117 49
117 2
117 107
117 77
117 84
117 76
117 16
117 55
117 44
117 111
117 23
117 78
117 127
117 35
117 93
117 103
117 41
117 98
117 40
117 91
117 64
117 19
117 37
117 31
117 4
117 74
117 87
117 130
117 17
117 72
117 47
117 66
117 62
117 12
117 46
117 59
117 86
117 128
117 29
117 52
117 120
117 108
117 129
117 106
117 99
117 116
117 65
117 90
117 51
117 34
117 28
117 126
117 95
117 3
117 101
117 104
117 114
117 24
117 100
117 10
117 121
117 79
117 88
117 112
117 85
117 11
117 6
117 39
117 53
117 58
117 67
117 80
8 48
8 65
8 2
8 29
8 40
8 84
8 20
8 119
8 25
8 123
8 46
8 58
8 3
8 106
8 14
8 116
8 130
8 9
8 12
8 49
8 74
8 36
8 90
8 27
8 61
8 10
8 23
8 53
8 129
8 121
8 41
8 19
8 86
8 66
8 52
8 17
8 112
8 89
8 24
8 1
8 62
8 103
8 92
8 100
8 34
8 18
8 120
8 93
8 55
8 31
8 98
8 28
8 77
8 47
8 79
8 128
8 22
8 11
8 69
8 72
8 108
8 59
8 83
8 96
8 80
8 68
8 107
8 110
8 85
8 125
8 95
8 67
8 126
8 91
8 64
8 111
8 37
8 16
48 128
48 110
48 23
48 10
48 52
48 1
48 123
48 24
48 11
48 96
48 87
48 4
48 90
48 36
48 92
48 53
48 93
48 118
48 112
48 84
48 126
48 41
48 44
48 83
48 34
48 16
48 108
48 77
48 85
48 18
48 29
48 58
48 51
48 89
48 113
48 88
48 61
48 12
48 106
48 91
48 55
48 9
48 14
48 66
48 35
48 3
48 17
48 67
48 121
48 64
48 47
48 114
48 62
48 78
48 20
48 127
48 59
48 49
48 101
48 46
48 130
48 107
48 116
48 72
48 65
48 80
128 87
128 85
128 28
128 123
128 2
128 77
128 17
128 120
128 14
128 119
128 4
128 52
128 27
128 62
128 112
128 67
128 86
128 101
128 68
128 106
128 37
128 22
128 92
128 111
128 6
128 130
128 25
128 114
128 65
128 58
128 103
128 10
128 61
128 80
128 46
128 55
128 12
128 129
128 126
128 89
128 59
128 50
128 91
128 110
128 40
128 74
128 76
128 49
128 83
128 90
128 113
128 19
128 100
128 34
128 116
128 24
128 108
128 47
128 9
128 121
128 78
128 93
128 96
128 31
128 79
128 20
87 53
87 44
87 12
87 72
87 69
87 6
87 92
87 40
87 11
87 119
87 66
87 127
87 120
87 65
87 103
87 20
87 76
87 80
87 31
87 10
87 1
87 25
87 108
87 95
87 41
87 79
87 46
87 55
87 89
87 18
87 36
87 9
87 77
87 84
87 90
87 130
87 50
87 107
87 23
87 37
87 125
87 129
87 98
87 24
87 104
87 91
87 100
87 67
87 19
87 112
87 49
87 4
87 121
87 106
87 16
87 62
87 3
87 113
87 39
87 14
87 68
87 111
87 22
87 123
87 126
53 68
53 24
53 18
53 74
53 108
53 110
53 96
53 1
53 91
53 88
53 41
53 19
53 78
53 10
53 4
53 104
53 84
53 126
53 92
53 17
53 100
53 95
53 77
53 34
53 2
53 93
53 111
53 61
53 58
53 80
53 90
53 28
53 20
53 14
53 89
53 72
53 86
53 39
53 67
53 12
53 46
53 3
53 40
53 121
53 120
53 6
53 113
53 130
53 35
53 129
53 31
53 22
53 76
53 49
53 65
53 99
53 112
53 47
53 23
53 52
53 25
53 36
53 44
53 85
53 127
53 64
53 107
53 62
68 119
68 91
68 31
68 23
68 99
68 9
68 100
68 90
68 29
68 11
68 64
68 12
68 39
68 27
68 84
68 28
68 10
68 52
68 113
68 93
68 3
68 36
68 112
68 34
68 88
68 83
68 98
68 104
68 50
68 62
68 49
68 77
68 76
68 25
68 22
68 96
68 24
68 67
68 16
68 127
68 59
68 17
68 55
68 85
68 89
68 114
68 111
68 92
68 18
68 80
68 126
68 41
68 37
68 110
68 101
68 2
68 107
68 72
68 4
68 74
68 35
68 106
119 31
119 49
119 72
119 107
119 93
119 4
119 84
119 111
119 101
119 83
119 123
119 2
119 17
119 58
119 112
119 20
119 114
119 76
119 88
119 10
119 66
119 9
119 91
119 125
119 129
119 121
119 12
119 130
119 34
119 85
119 104
119 50
119 86
119 6
119 96
119 120
119 36
119 29
119 46
119 61
119 106
119 22
119 24
119 44
119 41
119 19
119 110
119 89
119 127
119 92
119 3
119 118
119 1
119 69
119 28
119 113
119 25
119 37
119 77
119 35
119 40
119 16
119 79
119 52
119 90
119 67
119 126
119 65
119 62
31 80
31 126
31 113
31 40
31 66
31 64
31 51
31 83
31 44
31 98
31 121
31 85
31 79
31 130
31 72
31 107
31 114
31 120
31 25
31 104
31 10
31 110
31 74
31 24
31 39
31 103
31 91
31 22
31 28
31 116
31 11
31 77
31 96
31 6
31 1
31 23
31 16
31 118
31 55
31 108
31 46
31 12
31 69
31 123
31 27
31 127
31 50
31 88
31 76
31 19
31 4
31 112
31 29
31 52
31 49
31 93
31 92
31 129
31 61
31 99
80 23
80 67
80 116
80 103
80 29
80 49
80 36
80 61
80 130
80 3
80 39
80 91
80 123
80 64
80 90
80 89
80 108
80 84
80 10
80 66
80 118
80 41
80 74
80 76
80 79
80 20
80 52
80 6
80 25
80 112
80 85
80 2
80 121
80 19
80 4
80 99
80 96
80 50
80 111
80 1
80 34
80 77
80 107
80 125
80 35
80 14
80 104
80 98
80 37
80 40
80 58
80 9
80 27
80 110
80 83
80 69
80 100
80 46
80 113
80 16
80 28
23 51
23 85
23 110
23 52
23 79
23 46
23 72
23 92
23 28
23 130
23 116
23 41
23 126
23 64
23 89
23 91
23 86
23 99
23 74
23 24
23 78
23 11
23 59
23 67
23 77
23 108
23 98
23 55
23 69
23 49
23 107
23 35
23 114
23 120
23 37
23 25
23 39
23 100
23 3
23 123
23 93
23 90
23 50
23 34
23 14
23 29
23 88
23 2
23 36
23 104
23 40
23 66
23 4
23 10
23 12
23 9
23 58
23 129
23 121
51 86
51 100
51 72
51 39
51 84
51 67
51 98
51 11
51 106
51 113
51 55
51 58
51 114
51 18
51 88
51 16
51 35
51 116
51 47
51 108
51 64
51 111
51 24
51 34
51 1
51 37
51 95
51 36
51 118
51 29
51 3
51 101
51 78
51 130
51 6
51 41
51 92
51 17
51 4
51 83
51 20
51 104
51 40
51 77
51 126
51 61
51 14
51 50
51 129
51 112
51 19
51 99
51 120
51 2
51 121
51 123
51 85
51 103
51 10
51 110
51 91
51 22
51 27
51 96
51 90
86 47
86 29
86 123
86 28
86 9
86 65
86 69
86 10
86 88
86 99
86 66
86 58
86 93
86 74
86 92
86 67
86 16
86 83
86 110
86 55
86 98
86 40
86 24
86 44
86 116
86 35
86 4
86 37
86 103
86 64
86 61
86 89
86 130
86 125
86 118
86 91
86 112
86 17
86 20
86 72
86 78
86 25
86 120
86 2
86 113
86 34
86 49
86 11
86 12
86 62
86 85
86 52
86 39
47 98
47 84
47 14
47 34
47 61
47 29
47 11
47 104
47 64
47 50
47 36
47 103
47 69
47 37
47 62
47 2
47 114
47 20
47 49
47 106
47 91
47 88
47 65
47 58
47 12
47 130
47 107
47 95
47 112
47 18
47 121
47 3
47 55
47 66
47 35
47 9
47 52
47 1
47 110
47 22
47 28
47 93
47 129
47 46
47 41
47 77
47 40
47 116
47 10
47 100
47 120
47 78
47 27
47 79
47 76
47 123
47 16
47 96
47 99
98 10
98 40
98 22
98 88
98 103
98 90
98 46
98 114
98 120
98 127
98 72
98 12
98 66
98 25
98 39
98 113
98 34
98 125
98 24
98 95
98 96
98 4
98 74
98 16
98 130
98 91
98 28
98 89
98 35
98 99
98 17
98 108
98 104
98 55
98 118
98 49
98 58
98 52
98 18
98 62
98 14
98 36
98 116
98 37
98 85
98 92
98 101
98 65
98 129
98 64
98 106
98 2
98 9
98 44
98 100
98 93
98 107
98 126
98 59
98 78
10 40
10 36
10 77
10 101
10 107
10 44
10 112
10 91
10 50
10 92
10 121
10 6
10 67
10 100
10 34
10 116
10 55
10 9
10 83
10 114
10 76
10 120
10 3
10 72
10 106
10 37
10 65
10 16
10 58
10 99
10 89
10 59
10 19
10 25
10 123
10 62
10 29
10 95
10 118
10 130
10 103
10 96
10 41
10 17
10 61
10 74
10 20
10 104
10 28
10 129
10 90
10 1
10 46
10 64
10 12
10 18
10 69
10 88
10 85
10 14
10 79
10 4
10 66
40 67
40 100
40 108
40 6
40 20
40 4
40 41
40 74
40 14
40 19
40 79
40 78
40 91
40 130
40 88
40 125
40 37
40 46
40 34
40 49
40 24
40 126
40 76
40 83
40 72
40 95
40 106
40 28
40 17
40 121
40 9
40 11
40 114
40 55
40 113
40 129
40 1
40 27
40 93
40 123
40 36
40 120
40 107
40 18
40 111
40 101
40 50
40 89
40 99
40 35
40 61
40 29
40 44
40 62
67 129
67 106
67 61
67 16
67 83
67 116
67 101
67 92
67 85
67 69
67 78
67 62
67 1
67 46
67 19
67 95
67 41
67 55
67 89
67 72
67 93
67 99
67 59
67 58
67 96
67 35
67 88
67 4
67 120
67 126
67 74
67 9
67 18
67 103
67 20
67 90
67 50
67 91
67 112
67 17
67 3
67 49
67 108
67 77
67 127
67 125
67 12
67 65
67 64
67 79
67 84
67 130
67 29
67 44
67 22
67 111
67 76
67 25
67 114
129 92
129 12
129 114
129 111
129 58
129 91
129 83
129 17
129 120
129 116
129 95
129 104
129 101
129 106
129 96
129 123
129 74
129 52
129 35
129 44
129 107
129 69
129 112
129 88
129 20
129 79
129 27
129 93
129 66
129 28
129 118
129 50
129 108
129 99
129 11
129 29
129 121
129 36
129 76
129 46
129 84
129 49
129 65
129 34
129 1
129 3
129 6
129 16
129 61
129 18
129 59
129 64
129 113
129 4
129 127
129 41
92 6
92 121
92 112
92 50
92 91
92 22
92 74
92 19
92 107
92 41
92 125
92 111
92 17
92 103
92 14
92 61
92 85
92 76
92 49
92 12
92 83
92 93
92 34
92 116
92 66
92 108
92 3
92 96
92 123
92 95
92 99
92 72
92 46
92 113
92 28
92 20
92 65
92 11
92 18
92 77
92 36
92 106
92 29
92 104
92 59
92 44
92 24
92 1
92 118
92 89
92 90
92 84
92 9
92 58
92 126
92 64
6 3
6 59
6 24
6 12
6 27
6 62
6 90
6 55
6 50
6 39
6 106
6 65
6 52
6 41
6 49
6 91
6 130
6 66
6 9
6 46
6 101
6 36
6 18
6 83
6 108
6 110
6 17
6 95
6 96
6 89
6 19
6 25
6 100
6 4
6 85
6 72
6 61
6 1
6 107
6 103
6 37
6 2
6 28
3 88
3 120
3 19
3 61
3 112
3 41
3 55
3 110
3 114
3 78
3 72
3 118
3 46
3 99
3 28
3 106
3 18
3 52
3 29
3 84
3 101
3 83
3 123
3 93
3 95
3 34
3 64
3 85
3 111
3 49
3 27
3 58
3 62
3 113
3 4
3 79
3 91
3 65
3 100
3 103
3 17
3 1
3 116
3 125
3 25
3 108
3 14
3 107
3 36
3 12
3 44
3 24
88 4
88 84
88 41
88 50
88 93
88 77
88 2
88 123
88 20
88 126
88 1
88 65
88 83
88 76
88 58
88 11
88 120
88 112
88 95
88 14
88 64
88 100
88 74
88 17
88 37
88 34
88 36
88 90
88 72
88 49
88 89
88 91
88 27
88 55
88 103
88 107
88 85
88 62
88 9
88 59
88 28
88 121
88 110
88 106
88 29
88 69
88 44
88 104
88 118
88 46
88 116
88 16
88 66
88 39
88 101
88 52
88 111
88 96
4 59
4 79
4 123
4 96
4 72
4 110
4 118
4 126
4 100
4 61
4 66
4 19
4 11
4 37
4 78
4 20
4 2
4 35
4 95
4 44
4 93
4 50
4 106
4 41
4 125
4 18
4 99
4 111
4 77
4 27
4 112
4 9
4 108
4 14
4 64
4 16
4 29
4 24
4 104
4 55
4 85
4 114
4 84
4 83
4 17
4 52
4 39
4 34
59 24
59 85
59 46
59 113
59 116
59 118
59 62
59 127
59 114
59 55
59 37
59 25
59 27
59 49
59 93
59 126
59 120
59 121
59 50
59 19
59 36
59 123
59 2
59 65
59 22
59 90
59 111
59 1
59 58
59 79
59 52
59 91
59 18
59 11
59 61
59 83
59 28
59 74
59 39
59 20
59 110
59 72
59 78
59 64
59 101
59 99
59 29
59 106
59 130
59 69
59 84
59 66
59 103
59 89
59 44
24 95
24 34
24 58
24 84
24 9
24 120
24 104
24 14
24 110
24 61
24 20
24 116
24 37
24 112
24 22
24 76
24 64
24 65
24 25
24 16
24 74
24 1
24 17
24 107
24 83
24 49
24 123
24 77
24 2
24 114
24 108
24 91
24 130
24 106
24 79
24 72
24 50
24 100
24 27
24 121
24 103
24 66
24 44
24 126
24 125
24 46
24 69
24 36
24 18
24 55
24 78
24 111
24 127
24 118
24 39
24 85
95 74
95 12
95 103
95 123
95 37
95 114
95 9
95 62
95 46
95 100
95 22
95 126
95 28
95 89
95 36
95 84
95 112
95 17
95 79
95 61
95 39
95 106
95 25
95 99
95 35
95 93
95 125
95 19
95 78
95 55
95 121
95 96
95 113
95 58
95 34
95 29
95 44
95 91
95 127
95 69
95 64
95 1
95 2
95 108
95 120
95 130
95 14
95 85
95 116
95 65
95 49
95 118
95 107
95 72
74 123
74 12
74 91
74 50
74 101
74 37
74 64
74 107
74 72
74 76
74 77
74 69
74 126
74 113
74 130
74 103
74 118
74 58
74 52
74 18
74 114
74 83
74 44
74 121
74 17
74 14
74 90
74 108
74 46
74 27
74 25
74 65
74 104
74 89
74 120
74 55
74 112
74 22
74 111
74 49
74 28
74 85
74 93
74 96
74 62
74 34
74 29
74 41
74 20
74 100
123 14
123 113
123 25
123 90
123 64
123 106
123 65
123 114
123 34
123 110
123 9
123 39
123 58
123 46
123 118
123 17
123 96
123 16
123 130
123 85
123 27
123 84
123 111
123 12
123 62
123 29
123 2
123 126
123 50
123 125
123 79
123 112
123 93
123 91
123 37
123 72
123 121
123 52
123 127
123 101
123 36
123 77
123 78
123 116
123 104
123 11
14 55
14 107
14 127
14 121
14 65
14 22
14 34
14 37
14 50
14 44
14 2
14 99
14 108
14 41
14 104
14 61
14 103
14 100
14 79
14 72
14 27
14 25
14 19
14 101
14 11
14 62
14 125
14 49
14 69
14 84
14 20
14 29
14 130
14 118
14 113
14 46
14 120
14 93
14 58
14 39
14 35
14 36
14 9
14 91
55 99
55 103
55 19
55 66
55 25
55 90
55 58
55 27
55 72
55 78
55 116
55 16
55 44
55 64
55 89
55 84
55 107
55 79
55 83
55 29
55 114
55 20
55 113
55 91
55 118
55 18
55 37
55 50
55 41
55 9
55 1
55 17
55 100
55 61
55 34
55 77
55 130
55 62
55 112
55 111
55 39
55 76
55 126
55 52
99 58
99 108
99 125
99 93
99 100
99 27
99 127
99 22
99 29
99 83
99 25
99 91
99 11
99 9
99 116
99 17
99 19
99 39
99 20
99 79
99 84
99 52
99 18
99 49
99 78
99 103
99 72
99 121
99 106
99 89
99 96
99 36
99 120
99 1
99 65
99 126
99 12
99 62
99 77
99 90
99 34
99 112
99 50
99 107
99 76
99 46
99 104
58 113
58 72
58 116
58 22
58 96
58 18
58 49
58 28
58 118
58 110
58 83
58 52
58 25
58 17
58 78
58 1
58 11
58 89
58 120
58 125
58 12
58 127
58 90
58 44
58 39
58 50
58 66
58 79
58 101
58 103
58 16
58 93
58 107
58 41
58 37
58 111
58 19
58 85
58 77
58 62
58 112
58 84
58 9
58 126
58 121
113 76
113 112
113 18
113 44
113 46
113 72
113 104
113 64
113 39
113 130
113 100
113 85
113 110
113 12
113 65
113 49
113 106
113 50
113 101
113 79
113 84
113 91
113 126
113 1
113 66
113 19
113 77
113 36
113 28
113 108
113 17
113 16
113 118
113 9
113 90
113 114
113 37
113 69
113 89
113 121
113 127
113 103
113 2
113 20
113 61
113 35
113 11
113 83
76 120
76 83
76 89
76 103
76 22
76 65
76 34
76 69
76 18
76 64
76 101
76 91
76 2
76 130
76 116
76 90
76 72
76 35
76 52
76 12
76 39
76 46
76 93
76 9
76 27
76 104
76 25
76 79
76 106
76 66
76 125
76 100
76 20
76 44
76 111
76 1
76 84
76 49
76 37
76 110
76 61
76 121
120 18
120 19
120 104
120 85
120 41
120 69
120 17
120 125
120 64
120 83
120 107
120 20
120 25
120 90
120 35
120 112
120 79
120 108
120 49
120 2
120 130
120 110
120 121
120 106
120 111
120 22
120 50
120 61
120 37
120 27
120 11
120 29
120 62
120 1
120 103
120 118
120 66
120 39
120 114
120 101
120 16
18 28
18 2
18 19
18 78
18 27
18 108
18 72
18 107
18 114
18 104
18 12
18 34
18 17
18 110
18 85
18 112
18 35
18 62
18 44
18 125
18 65
18 84
18 130
18 20
18 49
18 79
18 127
18 37
18 116
18 69
18 22
18 9
18 11
18 64
18 91
18 118
18 111
18 106
18 36
18 96
18 50
18 41
18 39
18 29
28 64
28 35
28 36
28 83
28 91
28 90
28 16
28 125
28 22
28 39
28 130
28 116
28 49
28 93
28 104
28 118
28 9
28 106
28 79
28 126
28 62
28 103
28 96
28 72
28 107
28 114
28 37
28 111
28 12
28 65
28 34
28 11
28 69
28 1
28 46
28 52
28 108
28 2
28 20
28 101
28 85
28 127
28 41
64 90
64 89
64 121
64 22
64 79
64 44
64 37
64 130
64 52
64 11
64 61
64 69
64 19
64 35
64 110
64 85
64 91
64 93
64 125
64 108
64 16
64 100
64 46
64 66
64 112
64 27
64 65
64 39
64 1
64 12
64 84
64 114
64 96
64 83
64 127
64 9
64 29
64 2
64 17
90 103
90 12
90 34
90 77
90 130
90 46
90 9
90 19
90 127
90 66
90 100
90 35
90 112
90 78
90 101
90 22
90 36
90 44
90 65
90 83
90 27
90 37
90 108
90 39
90 114
90 84
90 25
90 126
90 16
90 50
90 49
90 96
90 2
90 69
90 110
90 111
90 85
90 17
90 79
90 72
90 52
90 89
103 29
103 11
103 84
103 125
103 34
103 85
103 108
103 19
103 69
103 110
103 107
103 130
103 22
103 44
103 127
103 49
103 100
103 96
103 25
103 2
103 93
103 83
103 20
103 72
103 50
103 37
103 126
103 1
103 89
103 35
103 101
103 79
103 91
103 52
103 36
103 116
103 12
103 16
103 112
103 46
103 121
103 118
103 114
103 9
29 25
29 106
29 84
29 17
29 22
29 114
29 125
29 37
29 126
29 20
29 100
29 91
29 79
29 35
29 78
29 52
29 50
29 112
29 46
29 101
29 1
29 104
29 44
29 77
29 108
29 39
29 69
29 65
29 12
29 27
29 83
29 118
25 127
25 1
25 125
25 34
25 101
25 118
25 89
25 39
25 104
25 108
25 77
25 130
25 121
25 66
25 17
25 85
25 61
25 107
25 50
25 12
25 79
25 44
25 93
25 69
25 111
25 62
25 78
25 114
25 41
25 116
25 27
25 52
25 2
25 84
25 35
25 96
25 36
25 83
25 16
25 91
127 96
127 126
127 118
127 69
127 93
127 114
127 83
127 46
127 104
127 20
127 65
127 62
127 111
127 22
127 27
127 49
127 78
127 9
127 34
127 39
127 121
127 112
127 17
127 84
127 89
127 116
127 44
127 16
127 37
127 11
127 35
127 66
127 106
127 91
127 36
127 130
96 35
96 61
96 107
96 111
96 27
96 72
96 100
96 66
96 116
96 110
96 22
96 101
96 78
96 9
96 83
96 91
96 17
96 104
96 37
96 44
96 36
96 93
96 85
96 52
96 77
96 130
96 11
96 126
96 41
96 65
96 62
96 125
96 79
96 118
96 106
96 39
35 36
35 110
35 62
35 50
35 39
35 2
35 107
35 91
35 121
35 100
35 101
35 27
35 126
35 41
35 93
35 112
35 17
35 52
35 22
35 130
35 66
35 12
35 108
35 83
35 19
35 114
35 118
35 69
35 89
35 78
35 72
35 84
35 116
35 49
35 85
36 37
36 69
36 34
36 118
36 126
36 125
36 44
36 62
36 101
36 111
36 66
36 1
36 61
36 9
36 12
36 107
36 49
36 27
36 85
36 79
36 50
36 41
36 52
36 112
36 83
36 22
36 108
36 84
36 116
36 2
36 106
36 100
36 16
37 106
37 20
37 83
37 93
37 110
37 125
37 100
37 22
37 112
37 52
37 107
37 17
37 91
37 89
37 108
37 126
37 121
37 104
37 19
37 78
37 65
37 116
37 118
37 85
37 46
37 101
37 62
37 111
37 27
37 49
37 12
37 34
37 16
37 130
37 41
37 1
106 101
106 65
106 27
106 46
106 34
106 19
106 69
106 9
106 16
106 22
106 125
106 100
106 11
106 112
106 107
106 52
106 85
106 121
106 93
106 126
106 130
106 49
106 104
106 116
106 72
106 111
106 50
106 91
106 89
101 39
101 46
101 9
101 84
101 17
101 125
101 34
101 22
101 126
101 78
101 50
101 112
101 65
101 93
101 83
101 72
101 104
101 66
101 100
101 20
101 79
101 91
101 62
101 118
101 61
101 2
101 1
101 107
101 69
101 130
101 19
101 16
101 114
101 89
101 116
101 12
101 27
39 65
39 83
39 121
39 112
39 100
39 66
39 69
39 19
39 78
39 118
39 108
39 41
39 11
39 44
39 49
39 85
39 50
39 111
39 46
39 110
39 27
39 89
39 72
39 91
39 114
39 16
39 107
39 79
39 130
39 116
39 22
39 2
65 104
65 2
65 77
65 85
65 44
65 107
65 12
65 118
65 112
65 89
65 62
65 9
65 110
65 100
65 125
65 111
65 116
65 121
65 52
65 126
65 16
65 34
65 46
65 50
65 114
65 93
65 66
65 108
65 41
65 20
65 49
65 22
65 19
65 78
104 111
104 41
104 11
104 126
104 46
104 52
104 91
104 19
104 66
104 121
104 20
104 116
104 69
104 84
104 61
104 107
104 130
104 78
104 83
104 72
104 27
104 112
104 79
104 125
111 112
111 12
111 93
111 121
111 78
111 62
111 61
111 66
111 1
111 22
111 100
111 91
111 108
111 84
111 46
111 130
111 20
111 16
111 11
111 79
111 125
111 126
111 72
111 107
111 69
111 19
111 44
111 118
111 110
112 9
112 12
112 22
112 27
112 100
112 2
112 34
112 121
112 72
112 114
112 130
112 125
112 20
112 118
112 19
112 108
112 49
112 50
112 62
112 110
112 85
112 66
112 41
112 17
112 83
112 77
112 78
112 1
9 22
9 121
9 77
9 2
9 100
9 93
9 118
9 91
9 78
9 107
9 17
9 46
9 52
9 126
9 108
9 69
9 20
9 72
9 12
9 125
9 85
9 49
9 114
9 66
9 89
9 116
9 83
22 91
22 11
22 20
22 72
22 100
22 121
22 69
22 85
22 41
22 27
22 118
22 46
22 116
22 126
22 1
22 66
22 110
22 34
22 107
22 50
22 44
22 84
22 83
22 61
22 77
22 2
22 79
22 108
91 89
91 44
91 69
91 110
91 17
91 77
91 61
91 93
91 27
91 83
91 16
91 84
91 107
91 121
91 52
91 78
91 114
91 85
91 2
91 100
91 108
91 41
91 126
91 49
91 72
89 20
89 107
89 83
89 108
89 50
89 61
89 16
89 84
89 93
89 114
89 85
89 130
89 110
89 62
89 1
89 66
89 27
89 52
89 78
89 34
89 44
20 12
20 130
20 100
20 85
20 61
20 78
20 125
20 121
20 116
20 83
20 118
20 16
20 49
20 62
20 66
20 79
20 52
20 77
20 69
20 114
20 72
20 44
20 84
20 11
20 93
20 50
20 27
20 107
20 34
12 11
12 16
12 85
12 125
12 17
12 108
12 116
12 2
12 41
12 69
12 27
12 1
12 84
12 107
12 66
12 77
12 34
12 110
12 50
12 79
12 49
12 62
12 114
12 121
12 46
12 93
12 126
11 125
11 34
11 44
11 85
11 66
11 100
11 108
11 41
11 77
11 50
11 93
11 118
11 110
11 126
11 83
11 17
11 114
11 46
11 19
11 1
11 69
11 107
11 130
11 72
11 61
11 78
11 62
125 2
125 83
125 93
125 41
125 46
125 27
125 107
125 108
125 79
125 84
125 114
125 118
125 16
125 50
125 17
125 52
125 110
125 130
125 78
125 19
2 69
2 116
2 62
2 46
2 85
2 83
2 107
2 108
2 66
2 118
2 72
2 27
2 52
2 44
2 19
2 17
2 41
2 79
2 110
2 77
2 130
2 34
2 93
2 61
2 126
69 130
69 17
69 49
69 100
69 79
69 93
69 85
69 41
69 72
69 19
69 107
69 126
69 118
69 78
69 44
69 61
69 46
69 27
69 62
69 110
69 50
69 116
69 16
69 114
69 84
130 116
130 16
130 107
130 100
130 110
130 61
130 27
130 62
130 126
130 52
130 79
130 84
130 46
130 41
130 114
130 77
130 78
130 93
130 50
130 19
130 49
130 34
116 85
116 78
116 114
116 17
116 107
116 126
116 41
116 46
116 16
116 27
116 49
116 84
116 100
116 1
116 118
116 62
116 19
116 77
116 50
116 61
116 79
116 44
116 52
116 121
85 19
85 78
85 34
85 110
85 16
85 118
85 50
85 49
85 108
85 114
85 83
85 93
85 72
85 79
85 100
85 121
85 46
85 61
85 62
85 17
19 84
19 77
19 121
19 44
19 110
19 1
19 52
19 66
19 16
19 118
19 83
19 108
19 100
19 61
19 17
19 107
19 78
19 126
19 79
19 34
84 27
84 16
84 34
84 121
84 61
84 77
84 1
84 41
84 66
84 83
84 108
84 72
84 50
84 100
84 126
27 50
27 93
27 110
27 17
27 16
27 126
27 77
27 79
27 41
27 46
27 52
27 114
27 100
27 72
27 78
27 118
27 108
27 44
27 1
27 34
27 121
50 83
50 41
50 100
50 107
50 126
50 118
50 108
50 46
50 78
50 16
50 79
50 121
50 62
50 52
50 66
50 61
50 110
50 77
50 17
50 44
50 34
50 114
83 126
83 1
83 46
83 34
83 62
83 52
83 16
83 114
83 41
83 66
83 44
83 72
83 78
83 79
83 61
83 100
83 17
83 107
83 118
83 93
126 93
126 72
126 121
126 110
126 44
126 17
126 41
126 79
126 62
126 16
126 78
126 1
126 100
126 49
126 77
126 52
126 118
126 107
93 49
93 121
93 52
93 114
93 61
93 107
93 46
93 66
93 77
93 79
93 1
93 41
93 62
93 100
93 16
93 118
93 108
93 44
93 17
93 72
49 100
49 77
49 41
49 79
49 16
49 44
49 52
49 78
49 107
49 61
49 1
49 62
49 110
49 118
49 121
49 17
100 44
100 108
100 41
100 62
100 66
100 121
100 110
100 79
100 1
100 16
100 78
100 46
100 52
100 72
100 107
100 61
100 34
100 77
44 1
44 52
44 107
44 118
44 34
44 114
44 61
44 79
44 108
44 121
44 16
44 62
44 78
44 77
44 46
1 17
1 52
1 78
1 107
1 79
1 62
1 41
1 114
1 77
1 110
17 61
17 41
17 77
17 121
17 46
17 118
17 72
17 78
17 110
17 79
17 108
17 34
17 16
17 52
61 16
61 121
61 78
61 34
61 118
61 108
61 107
61 46
61 114
61 110
61 72
61 77
61 41
61 66
61 62
61 52
16 108
16 107
16 114
16 78
16 118
16 46
16 66
16 110
16 77
16 41
16 62
16 79
108 52
108 62
108 41
108 79
108 34
108 110
108 114
108 66
108 118
108 121
108 72
52 107
52 72
52 46
52 118
52 41
52 110
52 121
52 66
52 78
52 79
52 77
107 41
107 110
107 72
107 46
107 79
107 77
107 114
107 78
107 66
41 79
41 62
41 114
41 72
41 66
41 77
41 121
41 34
41 78
79 77
79 121
79 46
79 34
79 114
79 66
79 78
79 118
79 110
77 72
77 114
77 121
77 118
77 62
77 66
72 114
72 46
72 78
72 66
72 110
72 121
72 62
114 118
114 46
114 78
114 121
114 62
114 34
118 66
118 110
118 121
118 78
118 62
118 34
118 46
66 121
66 46
66 110
66 62
66 78
121 78
121 110
121 34
121 46
78 46
78 34
78 110
46 62
62 34
62 110
34 110
